                  Time[d],	              TimeStep[d],	                 Qo[m3/d],	                 Qw[m3/d],	                 Qg[m3/d],	                Qwi[m3/d],	             PwfProd[bar],	              PwfInj[bar],	             PwhProd[bar],	              PwhInj[bar],	            QgFlare[m3/d],	             QgFuel[m3/d],	              QgExp[m3/d],	                 Pump[MW],	                  ESP[MW],	             ExpCompr[MW],	           TotalPower[MW],	    GasEmission[tonCO2/d],	 DieselEmission[tonCO2/d],	  TotalEmission[tonCO2/d],	      CumEmission[tonCO2],	   RelEmission[kgCO2/boe]
                     0.10,	                     0.10,	                  1027.60,	                     0.00,	                  2055.20,	                  1000.00,	                   278.36,	                  1698.69,	                    20.00,	                  1423.39,	                    41.10,	                  2014.09,	                     0.00,	                     2.20,	                     0.29,	                     0.00,	                     2.49,	                     3.79,	                    14.69,	                    18.48,	                     1.85,	                    17.95
                     0.22,	                     0.12,	                  1027.60,	                     0.00,	                  2055.20,	                  1000.00,	                   278.36,	                  1687.84,	                    20.00,	                  1412.53,	                    41.10,	                  2014.09,	                     0.00,	                     2.18,	                     0.29,	                     0.00,	                     2.47,	                     3.79,	                    14.59,	                    18.38,	                     4.05,	                    17.85
                     0.36,	                     0.14,	                  1027.60,	                     0.00,	                  2055.20,	                  1000.00,	                   278.36,	                  1673.78,	                    20.00,	                  1398.48,	                    41.10,	                  2014.09,	                     0.00,	                     2.16,	                     0.29,	                     0.00,	                     2.45,	                     3.79,	                    14.46,	                    18.25,	                     6.68,	                    17.73
                     0.54,	                     0.17,	                  1027.60,	                     0.00,	                  2055.20,	                  1000.00,	                   278.36,	                  1659.56,	                    20.00,	                  1384.26,	                    41.10,	                  2014.09,	                     0.00,	                     2.13,	                     0.29,	                     0.00,	                     2.43,	                     3.79,	                    14.33,	                    18.12,	                     9.81,	                    17.60
                     0.74,	                     0.21,	                  1027.60,	                     0.00,	                  2055.20,	                  1000.00,	                   278.36,	                  1641.32,	                    20.00,	                  1366.02,	                    41.10,	                  2014.09,	                     0.00,	                     2.11,	                     0.29,	                     0.00,	                     2.40,	                     3.79,	                    14.16,	                    17.96,	                    13.54,	                    17.44
                     0.99,	                     0.25,	                  1027.60,	                     0.00,	                  2055.20,	                  1000.00,	                   278.36,	                  1623.33,	                    20.00,	                  1348.02,	                    41.10,	                  2014.09,	                     0.00,	                     2.08,	                     0.29,	                     0.00,	                     2.37,	                     3.79,	                    14.00,	                    17.79,	                    17.97,	                    17.28
                     1.29,	                     0.30,	                  1027.60,	                     0.00,	                  2055.20,	                  1000.00,	                   278.36,	                  1600.52,	                    20.00,	                  1325.22,	                    41.10,	                  2014.09,	                     0.00,	                     2.04,	                     0.29,	                     0.00,	                     2.34,	                     3.79,	                    13.79,	                    17.59,	                    23.22,	                    17.08
                     1.65,	                     0.36,	                  1027.60,	                     0.00,	                  2055.20,	                  1000.00,	                   278.36,	                  1578.76,	                    20.00,	                  1303.46,	                    41.10,	                  2014.09,	                     0.00,	                     2.01,	                     0.29,	                     0.00,	                     2.30,	                     3.79,	                    13.59,	                    17.39,	                    29.45,	                    16.89
                     2.08,	                     0.43,	                  1027.60,	                     0.00,	                  2055.20,	                  1000.00,	                   278.36,	                  1551.52,	                    20.00,	                  1276.22,	                    41.10,	                  2014.09,	                     0.00,	                     1.97,	                     0.29,	                     0.00,	                     2.26,	                     3.79,	                    13.34,	                    17.14,	                    36.82,	                    16.65
                     2.60,	                     0.52,	                  1027.60,	                     0.00,	                  2055.20,	                  1000.00,	                   278.36,	                  1526.64,	                    20.00,	                  1251.33,	                    41.10,	                  2014.09,	                     0.00,	                     1.93,	                     0.29,	                     0.00,	                     2.22,	                     3.79,	                    13.12,	                    16.91,	                    45.54,	                    16.42
                     2.91,	                     0.31,	                  1027.60,	                     0.00,	                  2055.20,	                  1000.00,	                   278.36,	                  1509.20,	                    20.00,	                  1233.89,	                    41.10,	                  2014.09,	                     0.00,	                     1.90,	                     0.29,	                     0.00,	                     2.19,	                     3.79,	                    12.96,	                    16.75,	                    50.73,	                    16.27
                     3.28,	                     0.37,	                  1027.60,	                     0.00,	                  2055.20,	                  1000.00,	                   278.36,	                  1494.44,	                    20.00,	                  1219.14,	                    41.10,	                  2014.09,	                     0.00,	                     1.88,	                     0.29,	                     0.00,	                     2.17,	                     3.79,	                    12.82,	                    16.62,	                    56.90,	                    16.14
                     3.72,	                     0.45,	                  1027.60,	                     0.00,	                  2055.20,	                  1000.00,	                   278.36,	                  1474.75,	                    20.00,	                  1199.44,	                    41.10,	                  2014.09,	                     0.00,	                     1.85,	                     0.29,	                     0.00,	                     2.14,	                     3.79,	                    12.64,	                    16.44,	                    64.23,	                    15.96
                     4.26,	                     0.53,	                  1027.60,	                     0.00,	                  2055.20,	                  1000.00,	                   278.36,	                  1457.36,	                    20.00,	                  1182.06,	                    41.10,	                  2014.09,	                     0.00,	                     1.82,	                     0.29,	                     0.00,	                     2.11,	                     3.79,	                    12.49,	                    16.28,	                    72.94,	                    15.81
                     4.58,	                     0.32,	                  1027.60,	                     0.00,	                  2055.20,	                  1000.00,	                   278.36,	                  1444.14,	                    20.00,	                  1168.84,	                    41.10,	                  2014.09,	                     0.00,	                     1.80,	                     0.29,	                     0.00,	                     2.09,	                     3.79,	                    12.36,	                    16.16,	                    78.13,	                    15.69
                     4.96,	                     0.39,	                  1027.60,	                     0.00,	                  2055.20,	                  1000.00,	                   278.36,	                  1433.59,	                    20.00,	                  1158.29,	                    41.10,	                  2014.09,	                     0.00,	                     1.79,	                     0.29,	                     0.00,	                     2.08,	                     3.79,	                    12.27,	                    16.06,	                    84.31,	                    15.60
                     5.43,	                     0.46,	                  1027.60,	                     0.00,	                  2055.20,	                  1000.00,	                   278.36,	                  1418.56,	                    20.00,	                  1143.26,	                    41.10,	                  2014.09,	                     0.00,	                     1.76,	                     0.29,	                     0.00,	                     2.05,	                     3.79,	                    12.13,	                    15.93,	                    91.67,	                    15.47
                     5.98,	                     0.55,	                  1027.60,	                     0.00,	                  2055.20,	                  1000.00,	                   278.36,	                  1405.83,	                    20.00,	                  1130.53,	                    41.10,	                  2014.09,	                     0.00,	                     1.74,	                     0.29,	                     0.00,	                     2.03,	                     3.79,	                    12.02,	                    15.81,	                   100.44,	                    15.35
                     6.65,	                     0.67,	                  1027.60,	                     0.00,	                  2055.20,	                  1000.00,	                   278.36,	                  1387.64,	                    20.00,	                  1112.34,	                    41.10,	                  2014.09,	                     0.00,	                     1.72,	                     0.29,	                     0.00,	                     2.01,	                     3.79,	                    11.85,	                    15.64,	                   110.85,	                    15.19
                     7.45,	                     0.80,	                  1027.60,	                     0.00,	                  2055.20,	                  1000.00,	                   278.36,	                  1373.11,	                    20.00,	                  1097.81,	                    41.10,	                  2014.09,	                     0.00,	                     1.69,	                     0.29,	                     0.00,	                     1.98,	                     3.79,	                    11.72,	                    15.51,	                   123.24,	                    15.06
                     7.92,	                     0.48,	                  1027.60,	                     0.00,	                  2055.20,	                  1000.00,	                   278.36,	                  1360.60,	                    20.00,	                  1085.29,	                    41.10,	                  2014.09,	                     0.00,	                     1.67,	                     0.29,	                     0.00,	                     1.97,	                     3.79,	                    11.60,	                    15.40,	                   130.62,	                    14.95
                     8.50,	                     0.58,	                  1027.60,	                     0.00,	                  2055.20,	                  1000.00,	                   278.36,	                  1351.99,	                    20.00,	                  1076.69,	                    41.10,	                  2014.09,	                     0.00,	                     1.66,	                     0.29,	                     0.00,	                     1.95,	                     3.79,	                    11.52,	                    15.32,	                   139.43,	                    14.88
                     9.19,	                     0.69,	                  1027.60,	                     0.00,	                  2055.20,	                  1000.00,	                   278.36,	                  1338.28,	                    20.00,	                  1062.98,	                    41.10,	                  2014.09,	                     0.00,	                     1.64,	                     0.29,	                     0.00,	                     1.93,	                     3.79,	                    11.40,	                    15.19,	                   149.91,	                    14.76
                    10.02,	                     0.83,	                  1027.60,	                     0.00,	                  2055.20,	                  1000.00,	                   278.36,	                  1328.12,	                    20.00,	                  1052.82,	                    41.10,	                  2014.09,	                     0.00,	                     1.62,	                     0.29,	                     0.00,	                     1.92,	                     3.79,	                    11.31,	                    15.10,	                   162.42,	                    14.67
                    10.51,	                     0.50,	                  1027.60,	                     0.00,	                  2055.20,	                  1000.00,	                   278.36,	                  1318.08,	                    20.00,	                  1042.78,	                    41.10,	                  2014.09,	                     0.00,	                     1.61,	                     0.29,	                     0.00,	                     1.90,	                     3.79,	                    11.21,	                    15.01,	                   169.87,	                    14.58
                    11.11,	                     0.60,	                  1027.60,	                     0.00,	                  2055.20,	                  1000.00,	                   278.36,	                  1311.90,	                    20.00,	                  1036.60,	                    41.10,	                  2014.09,	                     0.00,	                     1.60,	                     0.29,	                     0.00,	                     1.89,	                     3.79,	                    11.16,	                    14.95,	                   178.79,	                    14.52
                    11.83,	                     0.72,	                  1027.60,	                     0.00,	                  2055.20,	                  1000.00,	                   278.36,	                  1300.87,	                    20.00,	                  1025.57,	                    41.10,	                  2014.09,	                     0.00,	                     1.58,	                     0.29,	                     0.00,	                     1.87,	                     3.79,	                    11.06,	                    14.85,	                   189.42,	                    14.42
                    12.68,	                     0.86,	                  1027.60,	                     0.00,	                  2055.20,	                  1000.00,	                   278.36,	                  1293.39,	                    20.00,	                  1018.09,	                    41.10,	                  2014.09,	                     0.00,	                     1.57,	                     0.29,	                     0.00,	                     1.86,	                     3.79,	                    10.99,	                    14.78,	                   202.11,	                    14.36
                    13.20,	                     0.52,	                  1027.60,	                     0.00,	                  2055.20,	                  1000.00,	                   278.36,	                  1284.89,	                    20.00,	                  1009.59,	                    41.10,	                  2014.09,	                     0.00,	                     1.56,	                     0.29,	                     0.00,	                     1.85,	                     3.79,	                    10.91,	                    14.71,	                   209.68,	                    14.28
                    13.82,	                     0.62,	                  1027.60,	                     0.00,	                  2055.20,	                  1000.00,	                   278.36,	                  1280.25,	                    20.00,	                  1004.95,	                    41.10,	                  2014.09,	                     0.00,	                     1.55,	                     0.29,	                     0.00,	                     1.84,	                     3.79,	                    10.87,	                    14.66,	                   218.75,	                    14.24
                    14.56,	                     0.74,	                  1027.60,	                     0.00,	                  2055.20,	                  1000.00,	                   278.36,	                  1270.96,	                    20.00,	                   995.66,	                    41.10,	                  2014.09,	                     0.00,	                     1.53,	                     0.29,	                     0.00,	                     1.83,	                     3.79,	                    10.78,	                    14.58,	                   229.56,	                    14.16
                    15.45,	                     0.89,	                  1027.60,	                     0.00,	                  2055.20,	                  1000.00,	                   278.36,	                  1265.23,	                    20.00,	                   989.93,	                    41.10,	                  2014.09,	                     0.00,	                     1.53,	                     0.29,	                     0.00,	                     1.82,	                     3.79,	                    10.73,	                    14.53,	                   242.49,	                    14.11
                    15.98,	                     0.53,	                  1027.60,	                     0.00,	                  2055.20,	                  1000.00,	                   278.36,	                  1257.80,	                    20.00,	                   982.50,	                    41.10,	                  2014.09,	                     0.00,	                     1.51,	                     0.29,	                     0.00,	                     1.81,	                     3.79,	                    10.66,	                    14.46,	                   250.21,	                    14.04
                    16.62,	                     0.64,	                  1027.60,	                     0.00,	                  2055.20,	                  1000.00,	                   278.36,	                  1254.19,	                    20.00,	                   978.89,	                    41.10,	                  2014.09,	                     0.00,	                     1.51,	                     0.29,	                     0.00,	                     1.80,	                     3.79,	                    10.63,	                    14.43,	                   259.46,	                    14.01
                    17.39,	                     0.77,	                  1027.60,	                     0.00,	                  2055.20,	                  1000.00,	                   278.36,	                  1246.15,	                    20.00,	                   970.84,	                    41.10,	                  2014.09,	                     0.00,	                     1.50,	                     0.29,	                     0.00,	                     1.79,	                     3.79,	                    10.56,	                    14.35,	                   270.50,	                    13.94
                    18.32,	                     0.92,	                  1027.60,	                     0.00,	                  2055.20,	                  1000.00,	                   278.36,	                  1241.62,	                    20.00,	                   966.32,	                    41.10,	                  2014.09,	                     0.00,	                     1.49,	                     0.29,	                     0.00,	                     1.78,	                     3.79,	                    10.52,	                    14.31,	                   283.70,	                    13.90
                    18.87,	                     0.55,	                  1027.60,	                     0.00,	                  2055.20,	                  1000.00,	                   278.36,	                  1235.01,	                    20.00,	                   959.71,	                    41.10,	                  2014.09,	                     0.00,	                     1.48,	                     0.29,	                     0.00,	                     1.77,	                     3.79,	                    10.46,	                    14.25,	                   291.60,	                    13.84
                    19.54,	                     0.66,	                  1027.60,	                     0.00,	                  2055.20,	                  1000.00,	                   278.36,	                  1232.12,	                    20.00,	                   956.82,	                    41.10,	                  2014.09,	                     0.00,	                     1.48,	                     0.29,	                     0.00,	                     1.77,	                     3.79,	                    10.43,	                    14.22,	                   301.05,	                    13.81
                    20.33,	                     0.80,	                  1027.60,	                     0.00,	                  2055.20,	                  1000.00,	                   278.36,	                  1225.04,	                    20.00,	                   949.74,	                    41.10,	                  2014.09,	                     0.00,	                     1.46,	                     0.29,	                     0.00,	                     1.76,	                     3.79,	                    10.37,	                    14.16,	                   312.34,	                    13.75
                    21.29,	                     0.96,	                  1027.60,	                     0.00,	                  2055.20,	                  1000.00,	                   278.36,	                  1221.38,	                    20.00,	                   946.08,	                    41.10,	                  2014.09,	                     0.00,	                     1.46,	                     0.29,	                     0.00,	                     1.75,	                     3.79,	                    10.33,	                    14.13,	                   325.86,	                    13.72
                    21.86,	                     0.57,	                  1027.60,	                     0.00,	                  2055.20,	                  1000.00,	                   278.36,	                  1215.43,	                    20.00,	                   940.13,	                    41.10,	                  2014.09,	                     0.00,	                     1.45,	                     0.29,	                     0.00,	                     1.74,	                     3.79,	                    10.28,	                    14.07,	                   333.93,	                    13.67
                    22.55,	                     0.69,	                  1027.60,	                     0.00,	                  2055.20,	                  1000.00,	                   278.36,	                  1213.07,	                    20.00,	                   937.77,	                    41.10,	                  2014.09,	                     0.00,	                     1.45,	                     0.29,	                     0.00,	                     1.74,	                     3.79,	                    10.26,	                    14.05,	                   343.61,	                    13.65
                    23.38,	                     0.83,	                  1027.60,	                     0.00,	                  2055.20,	                  1000.00,	                   278.36,	                  1206.76,	                    20.00,	                   931.46,	                    41.10,	                  2014.09,	                     0.00,	                     1.44,	                     0.29,	                     0.00,	                     1.73,	                     3.79,	                    10.20,	                    13.99,	                   355.18,	                    13.59
                    24.37,	                     0.99,	                  1027.60,	                     0.00,	                  2055.20,	                  1000.00,	                   278.36,	                  1203.73,	                    20.00,	                   928.43,	                    41.10,	                  2014.09,	                     0.00,	                     1.43,	                     0.29,	                     0.00,	                     1.72,	                     3.79,	                    10.17,	                    13.96,	                   369.04,	                    13.56
                    24.97,	                     0.60,	                  1027.60,	                     0.00,	                  2055.20,	                  1000.00,	                   278.36,	                  1198.35,	                    20.00,	                   923.05,	                    41.10,	                  2014.09,	                     0.00,	                     1.42,	                     0.29,	                     0.00,	                     1.71,	                     3.79,	                    10.12,	                    13.92,	                   377.32,	                    13.51
                    25.68,	                     0.71,	                  1027.60,	                     0.00,	                  2055.20,	                  1000.00,	                   278.36,	                  1196.38,	                    20.00,	                   921.08,	                    41.10,	                  2014.09,	                     0.00,	                     1.42,	                     0.29,	                     0.00,	                     1.71,	                     3.79,	                    10.10,	                    13.90,	                   387.25,	                    13.50
                    26.54,	                     0.86,	                  1027.60,	                     0.00,	                  2055.20,	                  1000.00,	                   278.36,	                  1190.70,	                    20.00,	                   915.40,	                    41.10,	                  2014.09,	                     0.00,	                     1.41,	                     0.29,	                     0.00,	                     1.70,	                     3.79,	                    10.05,	                    13.85,	                   399.12,	                    13.45
                    27.57,	                     1.03,	                  1027.60,	                     0.00,	                  2055.20,	                  1000.00,	                   278.36,	                  1188.15,	                    20.00,	                   912.85,	                    41.10,	                  2014.09,	                     0.00,	                     1.41,	                     0.29,	                     0.00,	                     1.70,	                     3.79,	                    10.03,	                    13.82,	                   413.33,	                    13.42
                    28.80,	                     1.23,	                  1027.60,	                     0.00,	                  2055.20,	                  1000.00,	                   278.36,	                  1180.62,	                    20.00,	                   905.32,	                    41.10,	                  2014.09,	                     0.00,	                     1.40,	                     0.29,	                     0.00,	                     1.69,	                     3.79,	                     9.96,	                    13.75,	                   430.31,	                    13.36
                    30.28,	                     1.48,	                  1027.60,	                     0.00,	                  2055.20,	                  1000.00,	                   278.36,	                  1177.44,	                    20.00,	                   902.14,	                    41.10,	                  2014.09,	                     0.00,	                     1.39,	                     0.29,	                     0.00,	                     1.68,	                     3.79,	                     9.93,	                    13.72,	                   450.64,	                    13.33
                    31.17,	                     0.89,	                  1027.60,	                     0.00,	                  2055.20,	                  1000.00,	                   278.36,	                  1170.98,	                    20.00,	                   895.68,	                    41.10,	                  2014.09,	                     0.00,	                     1.38,	                     0.29,	                     0.00,	                     1.67,	                     3.79,	                     9.87,	                    13.67,	                   462.79,	                    13.27
                    32.24,	                     1.07,	                  1027.60,	                     0.00,	                  2055.20,	                  1000.00,	                   278.36,	                  1168.96,	                    20.00,	                   893.66,	                    41.10,	                  2014.09,	                     0.00,	                     1.38,	                     0.29,	                     0.00,	                     1.67,	                     3.79,	                     9.85,	                    13.65,	                   477.34,	                    13.25
                    33.52,	                     1.28,	                  1027.60,	                     0.00,	                  2055.20,	                  1000.00,	                   278.36,	                  1162.35,	                    20.00,	                   887.04,	                    41.10,	                  2014.09,	                     0.00,	                     1.37,	                     0.29,	                     0.00,	                     1.66,	                     3.79,	                     9.79,	                    13.59,	                   494.73,	                    13.20
                    35.05,	                     1.54,	                  1027.60,	                     0.00,	                  2055.20,	                  1000.00,	                   278.36,	                  1159.80,	                    20.00,	                   884.49,	                    41.10,	                  2014.09,	                     0.00,	                     1.36,	                     0.29,	                     0.00,	                     1.66,	                     3.79,	                     9.77,	                    13.56,	                   515.56,	                    13.17
                    35.97,	                     0.92,	                  1027.60,	                     0.00,	                  2055.20,	                  1000.00,	                   278.36,	                  1153.98,	                    20.00,	                   878.68,	                    41.10,	                  2014.09,	                     0.00,	                     1.35,	                     0.29,	                     0.00,	                     1.65,	                     3.79,	                     9.72,	                    13.51,	                   528.01,	                    13.12
                    37.08,	                     1.11,	                  1027.60,	                     0.00,	                  2055.20,	                  1000.00,	                   278.36,	                  1152.34,	                    20.00,	                   877.04,	                    41.10,	                  2014.09,	                     0.00,	                     1.35,	                     0.29,	                     0.00,	                     1.64,	                     3.79,	                     9.70,	                    13.50,	                   542.93,	                    13.11
                    38.41,	                     1.33,	                  1027.60,	                     0.00,	                  2055.20,	                  1000.00,	                   278.36,	                  1146.39,	                    20.00,	                   871.09,	                    41.10,	                  2014.09,	                     0.00,	                     1.34,	                     0.29,	                     0.00,	                     1.63,	                     3.79,	                     9.65,	                    13.44,	                   560.76,	                    13.05
                    40.00,	                     1.59,	                  1027.60,	                     0.00,	                  2055.20,	                  1000.00,	                   278.36,	                  1144.29,	                    20.00,	                   868.99,	                    41.10,	                  2014.09,	                     0.00,	                     1.34,	                     0.29,	                     0.00,	                     1.63,	                     3.79,	                     9.63,	                    13.42,	                   582.14,	                    13.04
                    40.95,	                     0.96,	                  1027.60,	                     0.00,	                  2055.20,	                  1000.00,	                   278.36,	                  1138.95,	                    20.00,	                   863.65,	                    41.10,	                  2014.09,	                     0.00,	                     1.33,	                     0.29,	                     0.00,	                     1.62,	                     3.79,	                     9.58,	                    13.37,	                   594.91,	                    12.99
                    41.81,	                     0.85,	                  1027.60,	                     0.00,	                  2055.20,	                  1000.00,	                   278.36,	                  1137.94,	                    20.00,	                   862.63,	                    41.10,	                  2014.09,	                     0.00,	                     1.33,	                     0.29,	                     0.00,	                     1.62,	                     3.79,	                     9.57,	                    13.36,	                   606.34,	                    12.98
