                  Time[d],	              TimeStep[d],	                 Qo[m3/d],	                 Qw[m3/d],	                 Qg[m3/d],	                Qwi[m3/d],	             PwfProd[bar],	              PwfInj[bar],	             PwhProd[bar],	              PwhInj[bar],	            QgFlare[m3/d],	             QgFuel[m3/d],	              QgExp[m3/d],	                 Pump[MW],	                  ESP[MW],	             ExpCompr[MW],	           TotalPower[MW],	    GasEmission[tonCO2/d],	 DieselEmission[tonCO2/d],	  TotalEmission[tonCO2/d],	      CumEmission[tonCO2],	   RelEmission[kgCO2/boe]
                     0.10,	                     0.10,	                  1027.60,	                     0.00,	                  2055.20,	                  1000.00,	                   278.36,	                  1498.64,	                    20.00,	                  1223.34,	                    41.10,	                  2014.09,	                     0.00,	                     1.89,	                     0.29,	                     0.00,	                     2.18,	                     3.79,	                    12.86,	                    16.66,	                     1.67,	                    16.18
                     0.22,	                     0.12,	                  1027.60,	                     0.00,	                  2055.20,	                  1000.00,	                   278.36,	                  1494.02,	                    20.00,	                  1218.72,	                    41.10,	                  2014.09,	                     0.00,	                     1.88,	                     0.29,	                     0.00,	                     2.17,	                     3.79,	                    12.82,	                    16.61,	                     3.66,	                    16.14
                     0.36,	                     0.14,	                  1027.60,	                     0.00,	                  2055.20,	                  1000.00,	                   278.36,	                  1487.48,	                    20.00,	                  1212.18,	                    41.10,	                  2014.09,	                     0.00,	                     1.87,	                     0.29,	                     0.00,	                     2.16,	                     3.79,	                    12.76,	                    16.55,	                     6.04,	                    16.08
                     0.54,	                     0.17,	                  1027.60,	                     0.00,	                  2055.20,	                  1000.00,	                   278.36,	                  1481.26,	                    20.00,	                  1205.96,	                    41.10,	                  2014.09,	                     0.00,	                     1.86,	                     0.29,	                     0.00,	                     2.15,	                     3.79,	                    12.70,	                    16.50,	                     8.89,	                    16.02
                     0.74,	                     0.21,	                  1027.60,	                     0.00,	                  2055.20,	                  1000.00,	                   278.36,	                  1472.48,	                    20.00,	                  1197.18,	                    41.10,	                  2014.09,	                     0.00,	                     1.85,	                     0.29,	                     0.00,	                     2.14,	                     3.79,	                    12.62,	                    16.42,	                    12.30,	                    15.94
                     0.99,	                     0.25,	                  1027.60,	                     0.00,	                  2055.20,	                  1000.00,	                   278.36,	                  1464.31,	                    20.00,	                  1189.01,	                    41.10,	                  2014.09,	                     0.00,	                     1.83,	                     0.29,	                     0.00,	                     2.13,	                     3.79,	                    12.55,	                    16.34,	                    16.36,	                    15.87
                     1.29,	                     0.30,	                  1027.60,	                     0.00,	                  2055.20,	                  1000.00,	                   278.36,	                  1452.86,	                    20.00,	                  1177.55,	                    41.10,	                  2014.09,	                     0.00,	                     1.82,	                     0.29,	                     0.00,	                     2.11,	                     3.79,	                    12.44,	                    16.24,	                    21.21,	                    15.77
                     1.65,	                     0.36,	                  1027.60,	                     0.00,	                  2055.20,	                  1000.00,	                   278.36,	                  1442.48,	                    20.00,	                  1167.18,	                    41.10,	                  2014.09,	                     0.00,	                     1.80,	                     0.29,	                     0.00,	                     2.09,	                     3.79,	                    12.35,	                    16.14,	                    27.00,	                    15.68
                     2.08,	                     0.43,	                  1027.60,	                     0.00,	                  2055.20,	                  1000.00,	                   278.36,	                  1428.02,	                    20.00,	                  1152.71,	                    41.10,	                  2014.09,	                     0.00,	                     1.78,	                     0.29,	                     0.00,	                     2.07,	                     3.79,	                    12.22,	                    16.01,	                    33.88,	                    15.55
                     2.60,	                     0.52,	                  1027.60,	                     0.00,	                  2055.20,	                  1000.00,	                   278.36,	                  1415.40,	                    20.00,	                  1140.10,	                    41.10,	                  2014.09,	                     0.00,	                     1.76,	                     0.29,	                     0.00,	                     2.05,	                     3.79,	                    12.10,	                    15.90,	                    42.08,	                    15.44
                     3.22,	                     0.62,	                  1027.60,	                     0.00,	                  2055.20,	                  1000.00,	                   278.36,	                  1397.85,	                    20.00,	                  1122.54,	                    41.10,	                  2014.09,	                     0.00,	                     1.73,	                     0.29,	                     0.00,	                     2.02,	                     3.79,	                    11.94,	                    15.74,	                    51.83,	                    15.28
                     3.96,	                     0.74,	                  1027.60,	                     0.00,	                  2055.20,	                  1000.00,	                   278.36,	                  1383.31,	                    20.00,	                  1108.01,	                    41.10,	                  2014.09,	                     0.00,	                     1.71,	                     0.29,	                     0.00,	                     2.00,	                     3.79,	                    11.81,	                    15.60,	                    63.42,	                    15.15
                     4.40,	                     0.45,	                  1027.60,	                     0.00,	                  2055.20,	                  1000.00,	                   278.36,	                  1371.36,	                    20.00,	                  1096.06,	                    41.10,	                  2014.09,	                     0.00,	                     1.69,	                     0.29,	                     0.00,	                     1.98,	                     3.79,	                    11.70,	                    15.49,	                    70.33,	                    15.05
                     4.94,	                     0.53,	                  1027.60,	                     0.00,	                  2055.20,	                  1000.00,	                   278.36,	                  1362.69,	                    20.00,	                  1087.39,	                    41.10,	                  2014.09,	                     0.00,	                     1.68,	                     0.29,	                     0.00,	                     1.97,	                     3.79,	                    11.62,	                    15.42,	                    78.58,	                    14.97
                     5.58,	                     0.64,	                  1027.60,	                     0.00,	                  2055.20,	                  1000.00,	                   278.36,	                  1349.43,	                    20.00,	                  1074.12,	                    41.10,	                  2014.09,	                     0.00,	                     1.66,	                     0.29,	                     0.00,	                     1.95,	                     3.79,	                    11.50,	                    15.29,	                    88.39,	                    14.85
                     6.35,	                     0.77,	                  1027.60,	                     0.00,	                  2055.20,	                  1000.00,	                   278.36,	                  1339.13,	                    20.00,	                  1063.82,	                    41.10,	                  2014.09,	                     0.00,	                     1.64,	                     0.29,	                     0.00,	                     1.93,	                     3.79,	                    11.41,	                    15.20,	                   100.10,	                    14.76
                     6.81,	                     0.46,	                  1027.60,	                     0.00,	                  2055.20,	                  1000.00,	                   278.36,	                  1329.53,	                    20.00,	                  1054.23,	                    41.10,	                  2014.09,	                     0.00,	                     1.63,	                     0.29,	                     0.00,	                     1.92,	                     3.79,	                    11.32,	                    15.11,	                   107.09,	                    14.68
                     7.37,	                     0.55,	                  1027.60,	                     0.00,	                  2055.20,	                  1000.00,	                   278.36,	                  1323.23,	                    20.00,	                  1047.93,	                    41.10,	                  2014.09,	                     0.00,	                     1.62,	                     0.29,	                     0.00,	                     1.91,	                     3.79,	                    11.26,	                    15.06,	                   115.44,	                    14.62
                     8.03,	                     0.67,	                  1027.60,	                     0.00,	                  2055.20,	                  1000.00,	                   278.36,	                  1312.53,	                    20.00,	                  1037.23,	                    41.10,	                  2014.09,	                     0.00,	                     1.60,	                     0.29,	                     0.00,	                     1.89,	                     3.79,	                    11.16,	                    14.96,	                   125.40,	                    14.53
                     8.83,	                     0.80,	                  1027.60,	                     0.00,	                  2055.20,	                  1000.00,	                   278.36,	                  1304.87,	                    20.00,	                  1029.57,	                    41.10,	                  2014.09,	                     0.00,	                     1.59,	                     0.29,	                     0.00,	                     1.88,	                     3.79,	                    11.09,	                    14.89,	                   137.29,	                    14.46
                     9.31,	                     0.48,	                  1027.60,	                     0.00,	                  2055.20,	                  1000.00,	                   278.36,	                  1296.70,	                    20.00,	                  1021.40,	                    41.10,	                  2014.09,	                     0.00,	                     1.57,	                     0.29,	                     0.00,	                     1.87,	                     3.79,	                    11.02,	                    14.81,	                   144.39,	                    14.39
                     9.89,	                     0.58,	                  1027.60,	                     0.00,	                  2055.20,	                  1000.00,	                   278.36,	                  1291.93,	                    20.00,	                  1016.63,	                    41.10,	                  2014.09,	                     0.00,	                     1.57,	                     0.29,	                     0.00,	                     1.86,	                     3.79,	                    10.98,	                    14.77,	                   152.88,	                    14.34
                    10.58,	                     0.69,	                  1027.60,	                     0.00,	                  2055.20,	                  1000.00,	                   278.36,	                  1282.85,	                    20.00,	                  1007.55,	                    41.10,	                  2014.09,	                     0.00,	                     1.55,	                     0.29,	                     0.00,	                     1.85,	                     3.79,	                    10.89,	                    14.69,	                   163.01,	                    14.26
                    11.40,	                     0.83,	                  1027.60,	                     0.00,	                  2055.20,	                  1000.00,	                   278.36,	                  1276.95,	                    20.00,	                  1001.64,	                    41.10,	                  2014.09,	                     0.00,	                     1.54,	                     0.29,	                     0.00,	                     1.84,	                     3.79,	                    10.84,	                    14.63,	                   175.13,	                    14.21
                    11.90,	                     0.50,	                  1027.60,	                     0.00,	                  2055.20,	                  1000.00,	                   278.36,	                  1269.71,	                    20.00,	                   994.40,	                    41.10,	                  2014.09,	                     0.00,	                     1.53,	                     0.29,	                     0.00,	                     1.82,	                     3.79,	                    10.77,	                    14.57,	                   182.37,	                    14.15
                    12.50,	                     0.60,	                  1027.60,	                     0.00,	                  2055.20,	                  1000.00,	                   278.36,	                  1265.98,	                    20.00,	                   990.68,	                    41.10,	                  2014.09,	                     0.00,	                     1.53,	                     0.29,	                     0.00,	                     1.82,	                     3.79,	                    10.74,	                    14.53,	                   191.03,	                    14.11
                    13.21,	                     0.72,	                  1027.60,	                     0.00,	                  2055.20,	                  1000.00,	                   278.36,	                  1258.02,	                    20.00,	                   982.71,	                    41.10,	                  2014.09,	                     0.00,	                     1.51,	                     0.29,	                     0.00,	                     1.81,	                     3.79,	                    10.67,	                    14.46,	                   201.38,	                    14.04
                    14.07,	                     0.86,	                  1027.60,	                     0.00,	                  2055.20,	                  1000.00,	                   278.36,	                  1253.33,	                    20.00,	                   978.03,	                    41.10,	                  2014.09,	                     0.00,	                     1.51,	                     0.29,	                     0.00,	                     1.80,	                     3.79,	                    10.62,	                    14.42,	                   213.76,	                    14.00
                    14.59,	                     0.52,	                  1027.60,	                     0.00,	                  2055.20,	                  1000.00,	                   278.36,	                  1246.79,	                    20.00,	                   971.49,	                    41.10,	                  2014.09,	                     0.00,	                     1.50,	                     0.29,	                     0.00,	                     1.79,	                     3.79,	                    10.56,	                    14.36,	                   221.15,	                    13.94
                    15.21,	                     0.62,	                  1027.60,	                     0.00,	                  2055.20,	                  1000.00,	                   278.36,	                  1243.80,	                    20.00,	                   968.49,	                    41.10,	                  2014.09,	                     0.00,	                     1.49,	                     0.29,	                     0.00,	                     1.78,	                     3.79,	                    10.54,	                    14.33,	                   230.01,	                    13.92
                    15.95,	                     0.74,	                  1027.60,	                     0.00,	                  2055.20,	                  1000.00,	                   278.36,	                  1236.70,	                    20.00,	                   961.40,	                    41.10,	                  2014.09,	                     0.00,	                     1.48,	                     0.29,	                     0.00,	                     1.77,	                     3.79,	                    10.47,	                    14.27,	                   240.60,	                    13.85
                    16.84,	                     0.89,	                  1027.60,	                     0.00,	                  2055.20,	                  1000.00,	                   278.36,	                  1232.89,	                    20.00,	                   957.59,	                    41.10,	                  2014.09,	                     0.00,	                     1.48,	                     0.29,	                     0.00,	                     1.77,	                     3.79,	                    10.44,	                    14.23,	                   253.26,	                    13.82
                    17.37,	                     0.53,	                  1027.60,	                     0.00,	                  2055.20,	                  1000.00,	                   278.36,	                  1226.93,	                    20.00,	                   951.63,	                    41.10,	                  2014.09,	                     0.00,	                     1.47,	                     0.29,	                     0.00,	                     1.76,	                     3.79,	                    10.38,	                    14.18,	                   260.83,	                    13.77
                    18.01,	                     0.64,	                  1027.60,	                     0.00,	                  2055.20,	                  1000.00,	                   278.36,	                  1224.47,	                    20.00,	                   949.17,	                    41.10,	                  2014.09,	                     0.00,	                     1.46,	                     0.29,	                     0.00,	                     1.76,	                     3.79,	                    10.36,	                    14.15,	                   269.91,	                    13.75
                    18.78,	                     0.77,	                  1027.60,	                     0.00,	                  2055.20,	                  1000.00,	                   278.36,	                  1218.08,	                    20.00,	                   942.78,	                    41.10,	                  2014.09,	                     0.00,	                     1.45,	                     0.29,	                     0.00,	                     1.75,	                     3.79,	                    10.30,	                    14.10,	                   280.75,	                    13.69
                    19.70,	                     0.92,	                  1027.60,	                     0.00,	                  2055.20,	                  1000.00,	                   278.36,	                  1214.93,	                    20.00,	                   939.62,	                    41.10,	                  2014.09,	                     0.00,	                     1.45,	                     0.29,	                     0.00,	                     1.74,	                     3.79,	                    10.27,	                    14.07,	                   293.73,	                    13.66
                    20.81,	                     1.11,	                  1027.60,	                     0.00,	                  2055.20,	                  1000.00,	                   278.36,	                  1206.50,	                    20.00,	                   931.20,	                    41.10,	                  2014.09,	                     0.00,	                     1.44,	                     0.29,	                     0.00,	                     1.73,	                     3.79,	                    10.20,	                    13.99,	                   309.22,	                    13.59
                    22.14,	                     1.33,	                  1027.60,	                     0.00,	                  2055.20,	                  1000.00,	                   278.36,	                  1202.60,	                    20.00,	                   927.29,	                    41.10,	                  2014.09,	                     0.00,	                     1.43,	                     0.29,	                     0.00,	                     1.72,	                     3.79,	                    10.16,	                    13.95,	                   327.77,	                    13.55
                    22.94,	                     0.80,	                  1027.60,	                     0.00,	                  2055.20,	                  1000.00,	                   278.36,	                  1195.50,	                    20.00,	                   920.20,	                    41.10,	                  2014.09,	                     0.00,	                     1.42,	                     0.29,	                     0.00,	                     1.71,	                     3.79,	                    10.10,	                    13.89,	                   338.85,	                    13.49
                    23.89,	                     0.96,	                  1027.60,	                     0.00,	                  2055.20,	                  1000.00,	                   278.36,	                  1193.04,	                    20.00,	                   917.74,	                    41.10,	                  2014.09,	                     0.00,	                     1.41,	                     0.29,	                     0.00,	                     1.71,	                     3.79,	                    10.07,	                    13.87,	                   352.11,	                    13.47
                    25.04,	                     1.15,	                  1027.60,	                     0.00,	                  2055.20,	                  1000.00,	                   278.36,	                  1185.75,	                    20.00,	                   910.45,	                    41.10,	                  2014.09,	                     0.00,	                     1.40,	                     0.29,	                     0.00,	                     1.70,	                     3.79,	                    10.01,	                    13.80,	                   367.96,	                    13.40
                    26.42,	                     1.38,	                  1027.60,	                     0.00,	                  2055.20,	                  1000.00,	                   278.36,	                  1182.66,	                    20.00,	                   907.36,	                    41.10,	                  2014.09,	                     0.00,	                     1.40,	                     0.29,	                     0.00,	                     1.69,	                     3.79,	                     9.98,	                    13.77,	                   386.94,	                    13.38
                    27.25,	                     0.83,	                  1027.60,	                     0.00,	                  2055.20,	                  1000.00,	                   278.36,	                  1176.39,	                    20.00,	                   901.09,	                    41.10,	                  2014.09,	                     0.00,	                     1.39,	                     0.29,	                     0.00,	                     1.68,	                     3.79,	                     9.92,	                    13.72,	                   398.28,	                    13.32
                    28.24,	                     0.99,	                  1027.60,	                     0.00,	                  2055.20,	                  1000.00,	                   278.36,	                  1174.42,	                    20.00,	                   899.12,	                    41.10,	                  2014.09,	                     0.00,	                     1.39,	                     0.29,	                     0.00,	                     1.68,	                     3.79,	                     9.90,	                    13.70,	                   411.87,	                    13.30
                    29.43,	                     1.19,	                  1027.60,	                     0.00,	                  2055.20,	                  1000.00,	                   278.36,	                  1167.99,	                    20.00,	                   892.69,	                    41.10,	                  2014.09,	                     0.00,	                     1.38,	                     0.29,	                     0.00,	                     1.67,	                     3.79,	                     9.84,	                    13.64,	                   428.10,	                    13.25
                    30.86,	                     1.43,	                  1027.60,	                     0.00,	                  2055.20,	                  1000.00,	                   278.36,	                  1165.48,	                    20.00,	                   890.18,	                    41.10,	                  2014.09,	                     0.00,	                     1.37,	                     0.29,	                     0.00,	                     1.66,	                     3.79,	                     9.82,	                    13.62,	                   447.56,	                    13.22
                    31.72,	                     0.86,	                  1027.60,	                     0.00,	                  2055.20,	                  1000.00,	                   278.36,	                  1159.83,	                    20.00,	                   884.53,	                    41.10,	                  2014.09,	                     0.00,	                     1.36,	                     0.29,	                     0.00,	                     1.66,	                     3.79,	                     9.77,	                    13.56,	                   459.18,	                    13.17
                    32.74,	                     1.03,	                  1027.60,	                     0.00,	                  2055.20,	                  1000.00,	                   278.36,	                  1158.21,	                    20.00,	                   882.91,	                    41.10,	                  2014.09,	                     0.00,	                     1.36,	                     0.29,	                     0.00,	                     1.65,	                     3.79,	                     9.76,	                    13.55,	                   473.12,	                    13.16
                    33.98,	                     1.23,	                  1027.60,	                     0.00,	                  2055.20,	                  1000.00,	                   278.36,	                  1152.41,	                    20.00,	                   877.11,	                    41.10,	                  2014.09,	                     0.00,	                     1.35,	                     0.29,	                     0.00,	                     1.64,	                     3.79,	                     9.70,	                    13.50,	                   489.78,	                    13.11
                    35.46,	                     1.48,	                  1027.60,	                     0.00,	                  2055.20,	                  1000.00,	                   278.36,	                  1150.33,	                    20.00,	                   875.03,	                    41.10,	                  2014.09,	                     0.00,	                     1.35,	                     0.29,	                     0.00,	                     1.64,	                     3.79,	                     9.68,	                    13.48,	                   509.74,	                    13.09
                    36.35,	                     0.89,	                  1027.60,	                     0.00,	                  2055.20,	                  1000.00,	                   278.36,	                  1145.14,	                    20.00,	                   869.84,	                    41.10,	                  2014.09,	                     0.00,	                     1.34,	                     0.29,	                     0.00,	                     1.63,	                     3.79,	                     9.64,	                    13.43,	                   521.68,	                    13.04
                    37.42,	                     1.07,	                  1027.60,	                     0.00,	                  2055.20,	                  1000.00,	                   278.36,	                  1143.79,	                    20.00,	                   868.49,	                    41.10,	                  2014.09,	                     0.00,	                     1.34,	                     0.29,	                     0.00,	                     1.63,	                     3.79,	                     9.62,	                    13.42,	                   535.99,	                    13.03
                    38.70,	                     1.28,	                  1027.60,	                     0.00,	                  2055.20,	                  1000.00,	                   278.36,	                  1138.46,	                    20.00,	                   863.16,	                    41.10,	                  2014.09,	                     0.00,	                     1.33,	                     0.29,	                     0.00,	                     1.62,	                     3.79,	                     9.58,	                    13.37,	                   553.10,	                    12.98
                    40.23,	                     1.54,	                  1027.60,	                     0.00,	                  2055.20,	                  1000.00,	                   278.36,	                  1136.71,	                    20.00,	                   861.41,	                    41.10,	                  2014.09,	                     0.00,	                     1.33,	                     0.29,	                     0.00,	                     1.62,	                     3.79,	                     9.56,	                    13.35,	                   573.60,	                    12.97
                    41.09,	                     0.86,	                  1027.60,	                     0.00,	                  2055.20,	                  1000.00,	                   278.36,	                  1132.02,	                    20.00,	                   856.72,	                    41.10,	                  2014.09,	                     0.00,	                     1.32,	                     0.29,	                     0.00,	                     1.61,	                     3.79,	                     9.52,	                    13.31,	                   585.07,	                    12.93
                    41.78,	                     0.69,	                  1027.60,	                     0.00,	                  2055.20,	                  1000.00,	                   278.36,	                  1131.30,	                    20.00,	                   856.00,	                    41.10,	                  2014.09,	                     0.00,	                     1.32,	                     0.29,	                     0.00,	                     1.61,	                     3.79,	                     9.51,	                    13.30,	                   594.24,	                    12.92
