Time[d],TimeStep[d],Qo[m3/d],Qw[m3/d],Qg[m3/d],Qwi[m3/d],PwfProd[bar],PwfInj[bar],PwhProd[bar],PwhInj[bar],QgFlare[m3/d],QgFuel[m3/d],QgExp[m3/d],Pump[MW],ESP[MW],ExpCompr[MW],TotalPower[MW],GasEmission[tonCO2/d],DieselEmission[tonCO2/d],TotalEmission[tonCO2/d],CumEmission[tonCO2],RelEmission[kgCO2/boe]
0.10,0.10,1027.60,0.00,2055.20,1000.00,278.36,1498.64,20.00,1223.34,41.10,2014.09,0.00,1.89,0.29,0.00,2.18,3.79,12.86,16.66,1.67,16.18
0.22,0.12,1027.60,0.00,2055.20,1000.00,278.36,1494.02,20.00,1218.72,41.10,2014.09,0.00,1.88,0.29,0.00,2.17,3.79,12.82,16.61,3.66,16.14
0.36,0.14,1027.60,0.00,2055.20,1000.00,278.36,1487.48,20.00,1212.18,41.10,2014.09,0.00,1.87,0.29,0.00,2.16,3.79,12.76,16.55,6.04,16.08
0.54,0.17,1027.60,0.00,2055.20,1000.00,278.36,1481.26,20.00,1205.96,41.10,2014.09,0.00,1.86,0.29,0.00,2.15,3.79,12.70,16.50,8.89,16.02
0.74,0.21,1027.60,0.00,2055.20,1000.00,278.36,1472.48,20.00,1197.18,41.10,2014.09,0.00,1.85,0.29,0.00,2.14,3.79,12.62,16.42,12.30,15.94
0.99,0.25,1027.60,0.00,2055.20,1000.00,278.36,1464.31,20.00,1189.01,41.10,2014.09,0.00,1.83,0.29,0.00,2.13,3.79,12.55,16.34,16.36,15.87
1.29,0.30,1027.60,0.00,2055.20,1000.00,278.36,1452.86,20.00,1177.55,41.10,2014.09,0.00,1.82,0.29,0.00,2.11,3.79,12.44,16.24,21.21,15.77
1.65,0.36,1027.60,0.00,2055.20,1000.00,278.36,1442.48,20.00,1167.18,41.10,2014.09,0.00,1.80,0.29,0.00,2.09,3.79,12.35,16.14,27.00,15.68
2.08,0.43,1027.60,0.00,2055.20,1000.00,278.36,1428.02,20.00,1152.71,41.10,2014.09,0.00,1.78,0.29,0.00,2.07,3.79,12.22,16.01,33.88,15.55
2.60,0.52,1027.60,0.00,2055.20,1000.00,278.36,1415.40,20.00,1140.10,41.10,2014.09,0.00,1.76,0.29,0.00,2.05,3.79,12.10,15.90,42.08,15.44
3.22,0.62,1027.60,0.00,2055.20,1000.00,278.36,1397.85,20.00,1122.54,41.10,2014.09,0.00,1.73,0.29,0.00,2.02,3.79,11.94,15.74,51.83,15.28
3.96,0.74,1027.60,0.00,2055.20,1000.00,278.36,1383.31,20.00,1108.01,41.10,2014.09,0.00,1.71,0.29,0.00,2.00,3.79,11.81,15.60,63.42,15.15
4.40,0.45,1027.60,0.00,2055.20,1000.00,278.36,1371.36,20.00,1096.06,41.10,2014.09,0.00,1.69,0.29,0.00,1.98,3.79,11.70,15.49,70.33,15.05
4.94,0.53,1027.60,0.00,2055.20,1000.00,278.36,1362.69,20.00,1087.39,41.10,2014.09,0.00,1.68,0.29,0.00,1.97,3.79,11.62,15.42,78.58,14.97
5.58,0.64,1027.60,0.00,2055.20,1000.00,278.36,1349.43,20.00,1074.12,41.10,2014.09,0.00,1.66,0.29,0.00,1.95,3.79,11.50,15.29,88.39,14.85
6.35,0.77,1027.60,0.00,2055.20,1000.00,278.36,1339.13,20.00,1063.82,41.10,2014.09,0.00,1.64,0.29,0.00,1.93,3.79,11.41,15.20,100.10,14.76
6.81,0.46,1027.60,0.00,2055.20,1000.00,278.36,1329.53,20.00,1054.23,41.10,2014.09,0.00,1.63,0.29,0.00,1.92,3.79,11.32,15.11,107.09,14.68
7.37,0.55,1027.60,0.00,2055.20,1000.00,278.36,1323.23,20.00,1047.93,41.10,2014.09,0.00,1.62,0.29,0.00,1.91,3.79,11.26,15.06,115.44,14.62
8.03,0.67,1027.60,0.00,2055.20,1000.00,278.36,1312.53,20.00,1037.23,41.10,2014.09,0.00,1.60,0.29,0.00,1.89,3.79,11.16,14.96,125.40,14.53
8.83,0.80,1027.60,0.00,2055.20,1000.00,278.36,1304.87,20.00,1029.57,41.10,2014.09,0.00,1.59,0.29,0.00,1.88,3.79,11.09,14.89,137.29,14.46
9.31,0.48,1027.60,0.00,2055.20,1000.00,278.36,1296.70,20.00,1021.40,41.10,2014.09,0.00,1.57,0.29,0.00,1.87,3.79,11.02,14.81,144.39,14.39
9.89,0.58,1027.60,0.00,2055.20,1000.00,278.36,1291.93,20.00,1016.63,41.10,2014.09,0.00,1.57,0.29,0.00,1.86,3.79,10.98,14.77,152.88,14.34
10.58,0.69,1027.60,0.00,2055.20,1000.00,278.36,1282.85,20.00,1007.55,41.10,2014.09,0.00,1.55,0.29,0.00,1.85,3.79,10.89,14.69,163.01,14.26
11.40,0.83,1027.60,0.00,2055.20,1000.00,278.36,1276.95,20.00,1001.64,41.10,2014.09,0.00,1.54,0.29,0.00,1.84,3.79,10.84,14.63,175.13,14.21
11.90,0.50,1027.60,0.00,2055.20,1000.00,278.36,1269.71,20.00,994.40,41.10,2014.09,0.00,1.53,0.29,0.00,1.82,3.79,10.77,14.57,182.37,14.15
12.50,0.60,1027.60,0.00,2055.20,1000.00,278.36,1265.98,20.00,990.68,41.10,2014.09,0.00,1.53,0.29,0.00,1.82,3.79,10.74,14.53,191.03,14.11
13.21,0.72,1027.60,0.00,2055.20,1000.00,278.36,1258.02,20.00,982.71,41.10,2014.09,0.00,1.51,0.29,0.00,1.81,3.79,10.67,14.46,201.38,14.04
14.07,0.86,1027.60,0.00,2055.20,1000.00,278.36,1253.33,20.00,978.03,41.10,2014.09,0.00,1.51,0.29,0.00,1.80,3.79,10.62,14.42,213.76,14.00
14.59,0.52,1027.60,0.00,2055.20,1000.00,278.36,1246.79,20.00,971.49,41.10,2014.09,0.00,1.50,0.29,0.00,1.79,3.79,10.56,14.36,221.15,13.94
15.21,0.62,1027.60,0.00,2055.20,1000.00,278.36,1243.80,20.00,968.49,41.10,2014.09,0.00,1.49,0.29,0.00,1.78,3.79,10.54,14.33,230.01,13.92
15.95,0.74,1027.60,0.00,2055.20,1000.00,278.36,1236.70,20.00,961.40,41.10,2014.09,0.00,1.48,0.29,0.00,1.77,3.79,10.47,14.27,240.60,13.85
16.84,0.89,1027.60,0.00,2055.20,1000.00,278.36,1232.89,20.00,957.59,41.10,2014.09,0.00,1.48,0.29,0.00,1.77,3.79,10.44,14.23,253.26,13.82
17.37,0.53,1027.60,0.00,2055.20,1000.00,278.36,1226.93,20.00,951.63,41.10,2014.09,0.00,1.47,0.29,0.00,1.76,3.79,10.38,14.18,260.83,13.77
18.01,0.64,1027.60,0.00,2055.20,1000.00,278.36,1224.47,20.00,949.17,41.10,2014.09,0.00,1.46,0.29,0.00,1.76,3.79,10.36,14.15,269.91,13.75
18.78,0.77,1027.60,0.00,2055.20,1000.00,278.36,1218.08,20.00,942.78,41.10,2014.09,0.00,1.45,0.29,0.00,1.75,3.79,10.30,14.10,280.75,13.69
19.70,0.92,1027.60,0.00,2055.20,1000.00,278.36,1214.93,20.00,939.62,41.10,2014.09,0.00,1.45,0.29,0.00,1.74,3.79,10.27,14.07,293.73,13.66
20.81,1.11,1027.60,0.00,2055.20,1000.00,278.36,1206.50,20.00,931.20,41.10,2014.09,0.00,1.44,0.29,0.00,1.73,3.79,10.20,13.99,309.22,13.59
22.14,1.33,1027.60,0.00,2055.20,1000.00,278.36,1202.60,20.00,927.29,41.10,2014.09,0.00,1.43,0.29,0.00,1.72,3.79,10.16,13.95,327.77,13.55
22.94,0.80,1027.60,0.00,2055.20,1000.00,278.36,1195.50,20.00,920.20,41.10,2014.09,0.00,1.42,0.29,0.00,1.71,3.79,10.10,13.89,338.85,13.49
23.89,0.96,1027.60,0.00,2055.20,1000.00,278.36,1193.04,20.00,917.74,41.10,2014.09,0.00,1.41,0.29,0.00,1.71,3.79,10.07,13.87,352.11,13.47
25.04,1.15,1027.60,0.00,2055.20,1000.00,278.36,1185.75,20.00,910.45,41.10,2014.09,0.00,1.40,0.29,0.00,1.70,3.79,10.01,13.80,367.96,13.40
26.42,1.38,1027.60,0.00,2055.20,1000.00,278.36,1182.66,20.00,907.36,41.10,2014.09,0.00,1.40,0.29,0.00,1.69,3.79,9.98,13.77,386.94,13.38
27.25,0.83,1027.60,0.00,2055.20,1000.00,278.36,1176.39,20.00,901.09,41.10,2014.09,0.00,1.39,0.29,0.00,1.68,3.79,9.92,13.72,398.28,13.32
28.24,0.99,1027.60,0.00,2055.20,1000.00,278.36,1174.42,20.00,899.12,41.10,2014.09,0.00,1.39,0.29,0.00,1.68,3.79,9.90,13.70,411.87,13.30
29.43,1.19,1027.60,0.00,2055.20,1000.00,278.36,1167.99,20.00,892.69,41.10,2014.09,0.00,1.38,0.29,0.00,1.67,3.79,9.84,13.64,428.10,13.25
30.86,1.43,1027.60,0.00,2055.20,1000.00,278.36,1165.48,20.00,890.18,41.10,2014.09,0.00,1.37,0.29,0.00,1.66,3.79,9.82,13.62,447.56,13.22
31.72,0.86,1027.60,0.00,2055.20,1000.00,278.36,1159.83,20.00,884.53,41.10,2014.09,0.00,1.36,0.29,0.00,1.66,3.79,9.77,13.56,459.18,13.17
32.74,1.03,1027.60,0.00,2055.20,1000.00,278.36,1158.21,20.00,882.91,41.10,2014.09,0.00,1.36,0.29,0.00,1.65,3.79,9.76,13.55,473.12,13.16
33.98,1.23,1027.60,0.00,2055.20,1000.00,278.36,1152.41,20.00,877.11,41.10,2014.09,0.00,1.35,0.29,0.00,1.64,3.79,9.70,13.50,489.78,13.11
35.46,1.48,1027.60,0.00,2055.20,1000.00,278.36,1150.33,20.00,875.03,41.10,2014.09,0.00,1.35,0.29,0.00,1.64,3.79,9.68,13.48,509.74,13.09
36.35,0.89,1027.60,0.00,2055.20,1000.00,278.36,1145.14,20.00,869.84,41.10,2014.09,0.00,1.34,0.29,0.00,1.63,3.79,9.64,13.43,521.68,13.04
37.42,1.07,1027.60,0.00,2055.20,1000.00,278.36,1143.79,20.00,868.49,41.10,2014.09,0.00,1.34,0.29,0.00,1.63,3.79,9.62,13.42,535.99,13.03
38.70,1.28,1027.60,0.00,2055.20,1000.00,278.36,1138.46,20.00,863.16,41.10,2014.09,0.00,1.33,0.29,0.00,1.62,3.79,9.58,13.37,553.10,12.98
40.23,1.54,1027.60,0.00,2055.20,1000.00,278.36,1136.71,20.00,861.41,41.10,2014.09,0.00,1.33,0.29,0.00,1.62,3.79,9.56,13.35,573.60,12.97
41.15,0.92,1027.60,0.00,2055.20,1000.00,278.36,1131.87,20.00,856.57,41.10,2014.09,0.00,1.32,0.29,0.00,1.61,3.79,9.52,13.31,585.87,12.93
42.26,1.11,1027.60,0.00,2055.20,1000.00,278.36,1130.72,20.00,855.42,41.10,2014.09,0.00,1.32,0.29,0.00,1.61,3.79,9.50,13.30,600.57,12.92
43.58,1.33,1027.60,0.00,2055.20,1000.00,278.36,1125.77,20.00,850.47,41.10,2014.09,0.00,1.31,0.29,0.00,1.60,3.79,9.46,13.25,618.16,12.87
45.18,1.59,1027.60,0.00,2055.20,1000.00,278.36,1124.27,20.00,848.97,41.10,2014.09,0.00,1.31,0.29,0.00,1.60,3.79,9.45,13.24,639.24,12.86
46.13,0.96,1027.60,0.00,2055.20,1000.00,278.36,1119.73,20.00,844.43,41.10,2014.09,0.00,1.30,0.29,0.00,1.59,3.79,9.40,13.20,651.84,12.82
47.28,1.15,1027.60,0.00,2055.20,1000.00,278.36,1118.74,20.00,843.44,41.10,2014.09,0.00,1.30,0.29,0.00,1.59,3.79,9.40,13.19,666.96,12.81
48.65,1.38,1027.60,0.00,2055.20,1000.00,278.36,1114.12,20.00,838.82,41.10,2014.09,0.00,1.29,0.29,0.00,1.58,3.79,9.35,13.15,685.05,12.77
50.31,1.65,1027.60,0.00,2055.20,1000.00,278.36,1112.82,20.00,837.52,41.10,2014.09,0.00,1.29,0.29,0.00,1.58,3.79,9.34,13.14,706.73,12.76
52.29,1.98,1027.60,0.00,2055.20,1000.00,278.36,1106.58,20.00,831.28,41.10,2014.09,0.00,1.28,0.29,0.00,1.57,3.79,9.28,13.08,732.64,12.70
54.66,2.38,1027.60,0.00,2055.20,1000.00,278.36,1104.92,20.00,829.62,41.10,2014.09,0.00,1.28,0.29,0.00,1.57,3.79,9.27,13.06,763.70,12.69
56.09,1.43,1027.60,0.00,2055.20,1000.00,278.36,1099.22,20.00,823.92,41.10,2014.09,0.00,1.27,0.29,0.00,1.56,3.79,9.22,13.01,782.25,12.64
57.80,1.71,1027.60,0.00,2055.20,1000.00,278.36,1098.15,20.00,822.84,41.10,2014.09,0.00,1.27,0.29,0.00,1.56,3.79,9.21,13.00,804.51,12.63
59.86,2.05,1027.60,0.00,2055.20,1000.00,278.36,1092.50,20.00,817.20,41.10,2014.09,0.00,1.26,0.29,0.00,1.55,3.79,9.16,12.95,831.10,12.58
62.32,2.46,1027.60,0.00,2055.20,1000.00,278.36,1091.12,20.00,815.82,41.10,2014.09,0.00,1.26,0.29,0.00,1.55,3.79,9.14,12.94,862.99,12.56
63.80,1.48,1027.60,0.00,2055.20,1000.00,278.36,1085.89,20.00,810.59,41.10,2014.09,0.00,1.25,0.29,0.00,1.54,3.79,9.10,12.89,882.05,12.52
65.57,1.77,1027.60,0.00,2055.20,1000.00,278.36,1084.99,20.00,809.69,41.10,2014.09,0.00,1.25,0.29,0.00,1.54,3.79,9.09,12.88,904.91,12.51
67.70,2.13,1027.60,0.00,2055.20,1000.00,278.36,1079.81,20.00,804.51,41.10,2014.09,0.00,1.24,0.29,0.00,1.53,3.79,9.04,12.83,932.24,12.46
70.26,2.56,1027.60,0.00,2055.20,1000.00,278.36,1078.64,20.00,803.34,41.10,2014.09,0.00,1.24,0.29,0.00,1.53,3.79,9.03,12.82,965.00,12.45
71.79,1.53,1027.60,0.00,2055.20,1000.00,278.36,1073.78,20.00,798.48,41.10,2014.09,0.00,1.23,0.29,0.00,1.52,3.79,8.98,12.78,984.60,12.41
73.63,1.84,1027.60,0.00,2055.20,1000.00,278.36,1073.01,20.00,797.71,41.10,2014.09,0.00,1.23,0.29,0.00,1.52,3.79,8.98,12.77,1008.10,12.40
75.84,2.21,1027.60,0.00,2055.20,1000.00,278.36,1068.19,20.00,792.89,41.10,2014.09,0.00,1.22,0.29,0.00,1.51,3.79,8.93,12.73,1036.20,12.36
78.49,2.65,1027.60,0.00,2055.20,1000.00,278.36,1067.19,20.00,791.88,41.10,2014.09,0.00,1.22,0.29,0.00,1.51,3.79,8.92,12.72,1069.89,12.35
80.08,1.59,1027.60,0.00,2055.20,1000.00,278.36,1062.61,20.00,787.31,41.10,2014.09,0.00,1.21,0.29,0.00,1.51,3.79,8.88,12.68,1090.05,12.31
81.99,1.91,1027.60,0.00,2055.20,1000.00,278.36,1061.95,20.00,786.65,41.10,2014.09,0.00,1.21,0.29,0.00,1.50,3.79,8.88,12.67,1114.22,12.31
84.27,2.29,1027.60,0.00,2055.20,1000.00,278.36,1057.42,20.00,782.12,41.10,2014.09,0.00,1.21,0.29,0.00,1.50,3.79,8.84,12.63,1143.13,12.27
87.02,2.75,1027.60,0.00,2055.20,1000.00,278.36,1056.55,20.00,781.25,41.10,2014.09,0.00,1.20,0.29,0.00,1.50,3.79,8.83,12.62,1177.80,12.26
88.67,1.65,1027.60,0.00,2055.20,1000.00,278.36,1052.22,20.00,776.92,41.10,2014.09,0.00,1.20,0.29,0.00,1.49,3.79,8.79,12.58,1198.53,12.22
90.65,1.98,1027.60,0.00,2055.20,1000.00,278.36,1051.64,20.00,776.34,41.10,2014.09,0.00,1.20,0.29,0.00,1.49,3.79,8.78,12.58,1223.41,12.21
93.02,2.37,1027.60,0.00,2055.20,1000.00,278.36,1047.36,20.00,772.06,41.10,2014.09,0.00,1.19,0.29,0.00,1.48,3.79,8.74,12.54,1253.16,12.18
95.87,2.85,1027.60,0.00,2055.20,1000.00,278.36,1046.59,20.00,771.29,41.10,2014.09,0.00,1.19,0.29,0.00,1.48,3.79,8.74,12.53,1288.85,12.17
97.58,1.71,1027.60,0.00,2055.20,1000.00,278.36,1042.47,20.00,767.17,41.10,2014.09,0.00,1.18,0.29,0.00,1.47,3.79,8.70,12.49,1310.20,12.13
99.63,2.05,1027.60,0.00,2055.20,1000.00,278.36,1041.96,20.00,766.66,41.10,2014.09,0.00,1.18,0.29,0.00,1.47,3.79,8.69,12.49,1335.81,12.13
102.09,2.46,1027.60,0.00,2055.20,1000.00,278.36,1037.88,20.00,762.57,41.10,2014.09,0.00,1.18,0.29,0.00,1.47,3.79,8.66,12.45,1366.45,12.09
105.04,2.95,1027.60,0.00,2055.20,1000.00,278.36,1037.20,20.00,761.90,41.10,2014.09,0.00,1.17,0.29,0.00,1.47,3.79,8.65,12.45,1403.19,12.09
108.58,3.54,1027.60,0.00,2055.20,1000.00,278.36,1031.57,20.00,756.27,41.10,2014.09,0.00,1.17,0.29,0.00,1.46,3.79,8.60,12.39,1447.11,12.04
112.84,4.25,1027.60,0.00,2055.20,1000.00,278.36,1030.70,20.00,755.40,41.10,2014.09,0.00,1.16,0.29,0.00,1.46,3.79,8.59,12.39,1499.77,12.03
115.39,2.55,1027.60,0.00,2055.20,1000.00,278.36,1025.26,20.00,749.96,41.10,2014.09,0.00,1.16,0.29,0.00,1.45,3.79,8.54,12.34,1531.24,11.98
118.45,3.06,1027.60,0.00,2055.20,1000.00,278.36,1024.69,20.00,749.39,41.10,2014.09,0.00,1.15,0.29,0.00,1.45,3.79,8.54,12.33,1568.99,11.98
122.12,3.67,1027.60,0.00,2055.20,1000.00,278.36,1019.35,20.00,744.04,41.10,2014.09,0.00,1.15,0.29,0.00,1.44,3.79,8.49,12.28,1614.12,11.93
126.53,4.41,1027.60,0.00,2055.20,1000.00,278.36,1018.60,20.00,743.30,41.10,2014.09,0.00,1.15,0.29,0.00,1.44,3.79,8.48,12.28,1668.23,11.92
129.18,2.65,1027.60,0.00,2055.20,1000.00,278.36,1013.37,20.00,738.07,41.10,2014.09,0.00,1.14,0.29,0.00,1.43,3.79,8.43,12.23,1700.57,11.88
132.35,3.17,1027.60,0.00,2055.20,1000.00,278.36,1012.88,20.00,737.58,41.10,2014.09,0.00,1.14,0.29,0.00,1.43,3.79,8.43,12.22,1739.37,11.87
136.16,3.81,1027.60,0.00,2055.20,1000.00,278.36,1007.73,20.00,732.43,41.10,2014.09,0.00,1.13,0.29,0.00,1.42,3.79,8.38,12.18,1785.75,11.83
140.73,4.57,1027.60,0.00,2055.20,1000.00,278.36,1007.09,20.00,731.79,41.10,2014.09,0.00,1.13,0.29,0.00,1.42,3.79,8.38,12.17,1841.38,11.82
143.47,2.74,1027.60,0.00,2055.20,1000.00,278.36,1001.99,20.00,726.69,41.10,2014.09,0.00,1.12,0.29,0.00,1.41,3.79,8.33,12.12,1874.63,11.77
146.76,3.29,1027.60,0.00,2055.20,1000.00,278.36,1001.56,20.00,726.26,41.10,2014.09,0.00,1.12,0.29,0.00,1.41,3.79,8.33,12.12,1914.51,11.77
150.71,3.95,1027.60,0.00,2055.20,1000.00,278.36,996.50,20.00,721.19,41.10,2014.09,0.00,1.11,0.29,0.00,1.40,3.79,8.28,12.07,1962.19,11.73
155.45,4.74,1027.60,0.00,2055.20,1000.00,278.36,995.93,20.00,720.63,41.10,2014.09,0.00,1.11,0.29,0.00,1.40,3.79,8.27,12.07,2019.38,11.72
158.29,2.84,1027.60,0.00,2055.20,1000.00,278.36,990.83,20.00,715.52,41.10,2014.09,0.00,1.10,0.29,0.00,1.39,3.79,8.23,12.02,2053.56,11.68
161.71,3.41,1027.60,0.00,2055.20,1000.00,278.36,990.45,20.00,715.15,41.10,2014.09,0.00,1.10,0.29,0.00,1.39,3.79,8.22,12.02,2094.57,11.67
165.80,4.09,1027.60,0.00,2055.20,1000.00,278.36,985.34,20.00,710.04,41.10,2014.09,0.00,1.09,0.29,0.00,1.39,3.79,8.18,11.97,2143.59,11.63
170.71,4.91,1027.60,0.00,2055.20,1000.00,278.36,984.84,20.00,709.54,41.10,2014.09,0.00,1.09,0.29,0.00,1.39,3.79,8.17,11.97,2202.39,11.62
173.66,2.95,1027.60,0.00,2055.20,1000.00,278.36,979.63,20.00,704.33,41.10,2014.09,0.00,1.09,0.29,0.00,1.38,3.79,8.13,11.92,2237.53,11.58
177.20,3.54,1027.60,0.00,2055.20,1000.00,278.36,979.30,20.00,704.00,41.10,2014.09,0.00,1.08,0.29,0.00,1.38,3.79,8.12,11.92,2279.68,11.57
181.44,4.25,1027.60,0.00,2055.20,1000.00,278.36,974.06,20.00,698.76,41.10,2014.09,0.00,1.08,0.29,0.00,1.37,3.79,8.07,11.87,2330.07,11.53
186.54,5.09,1027.60,0.00,2055.19,1000.00,278.36,973.62,20.00,698.32,41.10,2014.09,0.00,1.08,0.29,0.00,1.37,3.79,8.07,11.86,2390.51,11.52
188.07,1.53,1027.60,0.00,2055.20,1000.00,278.36,969.28,20.00,693.98,41.10,2014.10,0.00,1.07,0.29,0.00,1.36,3.79,8.03,11.83,2408.58,11.48
189.90,1.83,1027.60,0.00,2055.19,1000.00,278.36,969.13,20.00,693.83,41.10,2014.09,0.00,1.07,0.29,0.00,1.36,3.79,8.03,11.82,2430.26,11.48
192.10,2.20,1027.60,0.00,2055.21,1000.00,278.36,966.40,20.00,691.09,41.10,2014.10,0.00,1.06,0.29,0.00,1.36,3.79,8.01,11.80,2456.23,11.46
194.74,2.64,1027.59,0.00,2055.18,1000.00,278.36,966.18,20.00,690.88,41.10,2014.08,0.00,1.06,0.29,0.00,1.36,3.79,8.00,11.80,2487.38,11.46
197.91,3.17,1027.62,0.00,2055.24,1000.00,278.36,962.23,20.00,686.93,41.10,2014.13,0.00,1.06,0.29,0.00,1.35,3.79,7.97,11.76,2524.65,11.42
201.71,3.80,1027.65,0.00,2055.29,1000.00,278.36,959.52,20.00,684.22,41.11,2014.19,0.00,1.05,0.29,0.00,1.35,3.79,7.94,11.74,2569.28,11.40
206.28,4.56,1027.71,0.00,2055.43,1000.00,278.36,956.26,20.00,680.96,41.11,2014.32,0.00,1.05,0.29,0.00,1.34,3.79,7.91,11.71,2622.71,11.37
211.75,5.48,1027.87,0.01,2055.75,1000.00,278.37,952.33,20.00,677.03,41.11,2014.63,0.00,1.04,0.29,0.00,1.34,3.80,7.88,11.67,2686.62,11.33
218.32,6.57,1028.19,0.09,2056.38,1000.00,278.38,947.56,20.00,672.26,41.13,2015.25,0.00,1.04,0.29,0.00,1.33,3.80,7.83,11.63,2763.05,11.29
222.27,3.94,1027.92,0.22,2055.83,1000.00,278.38,944.45,20.00,669.14,41.12,2014.72,0.00,1.03,0.29,0.00,1.32,3.80,7.81,11.60,2808.78,11.26
227.00,4.73,1027.85,0.58,2055.69,1000.00,278.38,940.71,20.00,665.41,41.11,2014.58,0.00,1.03,0.29,0.00,1.32,3.79,7.77,11.57,2863.51,11.23
232.68,5.68,1027.00,1.63,2053.99,1000.00,278.39,935.88,20.00,660.58,41.08,2012.91,0.00,1.02,0.29,0.00,1.31,3.79,7.73,11.52,2928.91,11.19
236.08,3.41,1025.21,2.75,2050.43,1000.00,278.37,932.51,20.00,657.21,41.01,2009.42,0.00,1.01,0.29,0.00,1.30,3.79,7.70,11.48,2968.03,11.18
240.17,4.09,1022.63,4.93,2045.27,1000.00,278.36,928.31,20.00,653.00,40.91,2004.36,0.00,1.01,0.29,0.00,1.30,3.78,7.66,11.43,3014.76,11.16
242.62,2.45,1020.34,6.77,2040.68,1000.00,278.34,925.53,20.00,650.23,40.81,1999.86,0.00,1.00,0.29,0.00,1.29,3.77,7.63,11.40,3042.72,11.15
245.57,2.94,1016.79,9.67,2033.57,1000.00,278.32,921.95,20.00,646.65,40.67,1992.90,0.00,1.00,0.29,0.00,1.29,3.75,7.60,11.35,3076.13,11.14
249.10,3.53,1010.93,14.30,2021.86,1000.00,278.28,917.17,20.00,641.87,40.44,1981.42,0.00,0.99,0.29,0.00,1.28,3.73,7.55,11.28,3115.98,11.14
251.22,2.12,1007.51,17.80,2015.02,1000.00,278.28,914.35,20.00,639.05,40.30,1974.72,0.00,0.98,0.29,0.00,1.28,3.72,7.53,11.25,3139.82,11.14
253.76,2.54,1001.45,22.69,2002.90,1000.00,278.24,910.37,20.00,635.07,40.06,1962.84,0.00,0.98,0.29,0.00,1.27,3.70,7.49,11.19,3168.26,11.15
255.29,1.53,998.63,26.12,1997.26,1000.00,278.26,908.25,20.00,632.94,39.95,1957.32,0.00,0.98,0.29,0.00,1.27,3.69,7.47,11.16,3185.28,11.15
257.12,1.83,993.22,30.58,1986.44,1000.00,278.23,905.08,20.00,629.78,39.73,1946.71,0.00,0.97,0.29,0.00,1.26,3.67,7.44,11.11,3205.62,11.16
259.31,2.20,986.02,36.45,1972.05,1000.00,278.19,901.07,20.00,625.77,39.44,1932.61,0.00,0.96,0.29,0.00,1.25,3.64,7.40,11.04,3229.88,11.18
261.95,2.64,976.47,44.16,1952.95,1000.00,278.13,895.98,20.00,620.68,39.06,1913.89,0.00,0.96,0.29,0.00,1.25,3.61,7.35,10.96,3258.77,11.20
263.53,1.58,972.71,49.48,1945.42,1000.00,278.18,893.58,20.00,618.28,38.91,1906.51,0.00,0.95,0.29,0.00,1.24,3.59,7.33,10.92,3276.05,11.21
265.43,1.90,964.79,56.00,1929.57,1000.00,278.13,889.62,20.00,614.32,38.59,1890.98,0.00,0.95,0.29,0.00,1.24,3.56,7.29,10.86,3296.65,11.23
267.71,2.28,954.82,64.16,1909.63,1000.00,278.07,884.74,20.00,609.44,38.19,1871.44,0.00,0.94,0.29,0.00,1.23,3.53,7.25,10.77,3321.19,11.26
269.07,1.37,951.36,69.69,1902.73,1000.00,278.14,882.63,20.00,607.33,38.05,1864.67,0.00,0.94,0.29,0.00,1.23,3.51,7.23,10.74,3335.87,11.27
270.71,1.64,943.51,76.20,1887.03,1000.00,278.09,878.93,20.00,603.63,37.74,1849.29,0.00,0.93,0.29,0.00,1.22,3.48,7.20,10.68,3353.39,11.30
272.68,1.97,933.93,84.10,1867.87,1000.00,278.04,874.43,20.00,599.13,37.36,1830.51,0.00,0.92,0.29,0.00,1.21,3.45,7.15,10.60,3374.25,11.33
273.86,1.18,930.94,89.45,1861.87,1000.00,278.12,872.63,20.00,597.33,37.24,1824.64,0.00,0.92,0.29,0.00,1.21,3.44,7.14,10.58,3386.74,11.34
275.28,1.42,923.62,95.53,1847.24,1000.00,278.08,869.28,20.00,593.98,36.94,1810.30,0.00,0.92,0.29,0.00,1.20,3.41,7.11,10.52,3401.64,11.36
276.98,1.70,914.85,102.79,1829.70,1000.00,278.03,865.26,20.00,589.96,36.59,1793.11,0.00,0.91,0.29,0.00,1.20,3.38,7.07,10.45,3419.40,11.39
279.02,2.04,904.39,111.42,1808.77,1000.00,277.96,860.44,20.00,585.14,36.18,1772.60,0.00,0.90,0.29,0.00,1.19,3.34,7.02,10.36,3440.54,11.43
280.25,1.22,901.33,117.36,1802.67,1000.00,278.06,858.62,20.00,583.32,36.05,1766.62,0.00,0.90,0.29,0.00,1.19,3.33,7.01,10.34,3453.20,11.45
281.71,1.47,893.49,123.86,1786.97,1000.00,278.02,855.07,20.00,579.77,35.74,1751.23,0.00,0.89,0.29,0.00,1.18,3.30,6.97,10.27,3468.29,11.47
283.48,1.76,884.22,131.51,1768.45,1000.00,277.96,850.86,20.00,575.56,35.37,1733.08,0.00,0.89,0.29,0.00,1.18,3.26,6.93,10.20,3486.27,11.51
285.59,2.12,873.37,140.46,1746.73,1000.00,277.90,845.87,20.00,570.57,34.93,1711.80,0.00,0.88,0.29,0.00,1.17,3.22,6.88,10.11,3507.66,11.55
286.86,1.27,870.39,146.76,1740.78,1000.00,278.01,844.06,20.00,568.76,34.82,1705.96,0.00,0.88,0.29,0.00,1.17,3.21,6.87,10.09,3520.46,11.57
288.39,1.52,862.34,153.40,1724.67,1000.00,277.96,840.42,20.00,565.12,34.49,1690.18,0.00,0.87,0.29,0.00,1.16,3.18,6.84,10.02,3535.73,11.60
290.21,1.83,852.95,161.11,1705.90,1000.00,277.91,836.13,20.00,560.83,34.12,1671.78,0.00,0.86,0.29,0.00,1.15,3.15,6.80,9.95,3553.91,11.64
292.41,2.19,842.08,170.04,1684.17,1000.00,277.84,831.10,20.00,555.80,33.68,1650.48,0.00,0.86,0.29,0.00,1.14,3.11,6.75,9.86,3575.53,11.68
293.72,1.32,839.26,176.51,1678.52,1000.00,277.96,829.32,20.00,554.02,33.57,1644.95,0.00,0.85,0.29,0.00,1.14,3.10,6.74,9.84,3588.48,11.70
295.30,1.58,831.25,183.06,1662.50,1000.00,277.91,825.67,20.00,550.37,33.25,1629.25,0.00,0.85,0.29,0.00,1.14,3.07,6.70,9.77,3603.91,11.73
297.20,1.90,822.00,190.62,1644.00,1000.00,277.86,821.39,20.00,546.09,32.88,1611.12,0.00,0.84,0.29,0.00,1.13,3.03,6.66,9.70,3622.28,11.77
299.47,2.27,811.38,199.29,1622.75,1000.00,277.79,816.41,20.00,541.10,32.46,1590.30,0.00,0.83,0.29,0.00,1.12,3.00,6.61,9.61,3644.13,11.82
300.84,1.36,808.75,205.79,1617.51,1000.00,277.92,814.69,20.00,539.39,32.35,1585.16,0.00,0.83,0.29,0.00,1.12,2.99,6.60,9.59,3657.22,11.83
302.47,1.64,800.95,212.12,1601.90,1000.00,277.87,811.08,20.00,535.78,32.04,1569.87,0.00,0.83,0.29,0.00,1.11,2.96,6.57,9.52,3672.81,11.87
304.44,1.96,791.99,219.38,1583.99,1000.00,277.82,806.87,20.00,531.57,31.68,1552.31,0.00,0.82,0.29,0.00,1.11,2.92,6.53,9.45,3691.38,11.91
306.80,2.36,781.76,227.66,1563.51,1000.00,277.75,801.98,20.00,526.68,31.27,1532.24,0.00,0.81,0.29,0.00,1.10,2.89,6.48,9.36,3713.46,11.96
308.21,1.41,779.35,234.11,1558.69,1000.00,277.89,800.33,20.00,525.03,31.17,1527.52,0.00,0.81,0.29,0.00,1.10,2.88,6.47,9.35,3726.69,11.97
309.91,1.70,771.84,240.14,1543.67,1000.00,277.84,796.80,20.00,521.50,30.87,1512.80,0.00,0.80,0.29,0.00,1.09,2.85,6.44,9.29,3742.45,12.01
311.95,2.04,763.25,247.03,1526.50,1000.00,277.78,792.70,20.00,517.40,30.53,1495.97,0.00,0.80,0.29,0.00,1.08,2.82,6.40,9.21,3761.22,12.05
314.39,2.44,753.47,254.87,1506.95,1000.00,277.72,787.94,20.00,512.64,30.14,1476.81,0.00,0.79,0.29,0.00,1.08,2.78,6.35,9.13,3783.54,12.09
315.86,1.47,751.27,261.21,1502.53,1000.00,277.85,786.36,20.00,511.06,30.05,1472.48,0.00,0.79,0.29,0.00,1.07,2.77,6.34,9.12,3796.92,12.11
317.62,1.76,744.09,266.91,1488.18,1000.00,277.80,782.93,20.00,507.62,29.76,1458.41,0.00,0.78,0.29,0.00,1.07,2.75,6.31,9.06,3812.85,12.15
319.73,2.11,735.90,273.41,1471.80,1000.00,277.75,778.94,20.00,503.64,29.44,1442.37,0.00,0.78,0.29,0.00,1.06,2.72,6.27,8.99,3831.83,12.19
322.27,2.53,726.61,280.77,1453.21,1000.00,277.68,774.34,20.00,499.03,29.06,1424.15,0.00,0.77,0.29,0.00,1.05,2.68,6.22,8.91,3854.41,12.23
323.79,1.52,724.59,286.99,1449.18,1000.00,277.82,772.82,20.00,497.52,28.98,1420.20,0.00,0.77,0.29,0.00,1.05,2.68,6.22,8.89,3867.93,12.25
325.61,1.82,717.76,292.35,1435.51,1000.00,277.77,769.50,20.00,494.19,28.71,1406.80,0.00,0.76,0.29,0.00,1.05,2.65,6.18,8.83,3884.06,12.28
327.80,2.19,709.97,298.45,1419.94,1000.00,277.72,765.64,20.00,490.34,28.40,1391.54,0.00,0.76,0.29,0.00,1.04,2.62,6.15,8.77,3903.26,12.32
330.43,2.63,701.14,305.35,1402.28,1000.00,277.65,761.18,20.00,485.88,28.05,1374.23,0.00,0.75,0.29,0.00,1.03,2.59,6.10,8.69,3926.10,12.37
332.01,1.58,699.31,311.44,1398.61,1000.00,277.80,759.74,20.00,484.44,27.97,1370.64,0.00,0.75,0.29,0.00,1.03,2.58,6.10,8.68,3939.78,12.39
333.90,1.89,692.80,316.48,1385.60,1000.00,277.75,756.52,20.00,481.22,27.71,1357.89,0.00,0.74,0.29,0.00,1.03,2.56,6.07,8.62,3956.10,12.42
336.17,2.27,685.40,322.20,1370.79,1000.00,277.69,752.79,20.00,477.49,27.42,1343.38,0.00,0.74,0.29,0.00,1.02,2.53,6.03,8.56,3975.53,12.46
338.89,2.72,677.01,328.66,1354.02,1000.00,277.63,748.49,20.00,473.19,27.08,1326.94,0.00,0.73,0.29,0.00,1.01,2.50,5.99,8.49,3998.65,12.51
342.16,3.27,667.55,335.93,1335.09,1000.00,277.55,743.53,20.00,468.23,26.70,1308.39,0.00,0.72,0.29,0.00,1.01,2.46,5.94,8.40,4026.12,12.56
344.12,1.96,665.54,342.76,1331.08,1000.00,277.71,741.89,20.00,466.59,26.62,1304.46,0.00,0.72,0.29,0.00,1.00,2.46,5.93,8.39,4042.57,12.58
346.48,2.35,658.52,348.11,1317.03,1000.00,277.66,738.31,20.00,463.01,26.34,1290.69,0.00,0.71,0.29,0.00,1.00,2.43,5.90,8.33,4062.18,12.62
349.30,2.82,650.57,354.14,1301.15,1000.00,277.59,734.18,20.00,458.88,26.02,1275.13,0.00,0.71,0.29,0.00,0.99,2.40,5.85,8.26,4085.50,12.67
352.69,3.39,641.63,360.90,1283.25,1000.00,277.52,729.43,20.00,454.13,25.67,1257.59,0.00,0.70,0.28,0.00,0.98,2.37,5.81,8.18,4113.22,12.72
354.73,2.03,639.82,367.59,1279.64,1000.00,277.68,727.88,20.00,452.58,25.59,1254.04,0.00,0.70,0.29,0.00,0.98,2.36,5.80,8.16,4129.82,12.73
357.17,2.44,633.16,372.58,1266.33,1000.00,277.63,724.45,20.00,449.14,25.33,1241.00,0.00,0.69,0.29,0.00,0.98,2.34,5.77,8.11,4149.60,12.78
360.10,2.93,625.66,378.18,1251.31,1000.00,277.56,720.49,20.00,445.19,25.03,1226.29,0.00,0.69,0.29,0.00,0.97,2.31,5.73,8.04,4173.15,12.82
363.61,3.51,617.20,384.45,1234.40,1000.00,277.49,715.94,20.00,440.63,24.69,1209.72,0.00,0.68,0.28,0.00,0.96,2.28,5.68,7.96,4201.13,12.87
365.72,2.11,615.57,391.01,1231.15,1000.00,277.66,714.48,20.00,439.18,24.62,1206.53,0.00,0.68,0.29,0.00,0.96,2.27,5.68,7.95,4217.90,12.89
368.25,2.53,609.28,395.64,1218.55,1000.00,277.60,711.19,20.00,435.89,24.37,1194.18,0.00,0.67,0.29,0.00,0.96,2.25,5.65,7.90,4237.87,12.93
371.29,3.04,602.17,400.84,1204.35,1000.00,277.54,707.39,20.00,432.09,24.09,1180.26,0.00,0.67,0.28,0.00,0.95,2.22,5.61,7.83,4261.65,12.98
374.93,3.64,594.19,406.67,1188.38,1000.00,277.47,703.03,20.00,427.73,23.77,1164.62,0.00,0.66,0.28,0.00,0.94,2.19,5.56,7.76,4289.93,13.03
379.30,4.37,585.23,413.15,1170.45,1000.00,277.38,698.03,20.00,422.73,23.41,1147.05,0.00,0.65,0.28,0.00,0.93,2.16,5.51,7.68,4323.49,13.09
381.93,2.62,583.42,420.43,1166.84,1000.00,277.57,696.39,20.00,421.08,23.34,1143.50,0.00,0.65,0.29,0.00,0.93,2.15,5.51,7.66,4343.60,13.11
385.08,3.15,576.69,425.28,1153.37,1000.00,277.50,692.77,20.00,417.47,23.07,1130.30,0.00,0.64,0.28,0.00,0.93,2.13,5.47,7.60,4367.53,13.16
388.85,3.78,569.13,430.68,1138.27,1000.00,277.43,688.61,20.00,413.31,22.77,1115.50,0.00,0.64,0.28,0.00,0.92,2.10,5.43,7.53,4395.99,13.21
393.39,4.53,560.68,436.67,1121.37,1000.00,277.35,683.85,20.00,408.55,22.43,1098.94,0.00,0.63,0.28,0.00,0.91,2.07,5.38,7.45,4429.79,13.27
396.11,2.72,559.08,443.85,1118.16,1000.00,277.53,682.33,20.00,407.03,22.36,1095.79,0.00,0.63,0.28,0.00,0.91,2.06,5.38,7.44,4450.04,13.29
399.37,3.26,552.72,448.33,1105.44,1000.00,277.47,678.88,20.00,403.58,22.11,1083.34,0.00,0.62,0.28,0.00,0.91,2.04,5.35,7.39,4474.15,13.34
403.29,3.92,545.61,453.31,1091.22,1000.00,277.40,674.93,20.00,399.63,21.82,1069.40,0.00,0.62,0.28,0.00,0.90,2.01,5.31,7.32,4502.82,13.39
407.99,4.70,537.66,458.81,1075.32,1000.00,277.32,670.41,20.00,395.10,21.51,1053.81,0.00,0.61,0.28,0.00,0.89,1.99,5.26,7.25,4536.88,13.45
410.81,2.82,536.23,465.86,1072.45,1000.00,277.51,668.98,20.00,393.68,21.45,1051.00,0.00,0.61,0.28,0.00,0.89,1.98,5.26,7.24,4557.29,13.47
414.19,3.38,530.23,469.98,1060.46,1000.00,277.44,665.70,20.00,390.40,21.21,1039.25,0.00,0.60,0.28,0.00,0.89,1.96,5.22,7.18,4581.59,13.52
418.26,4.06,523.53,474.55,1047.06,1000.00,277.37,661.94,20.00,386.64,20.94,1026.12,0.00,0.60,0.28,0.00,0.88,1.93,5.19,7.12,4610.51,13.57
423.13,4.87,516.05,479.60,1032.10,1000.00,277.29,657.63,20.00,382.33,20.64,1011.46,0.00,0.59,0.28,0.00,0.87,1.91,5.14,7.05,4644.86,13.63
426.05,2.92,514.78,486.54,1029.56,1000.00,277.48,656.31,20.00,381.01,20.59,1008.97,0.00,0.59,0.28,0.00,0.87,1.90,5.14,7.04,4665.44,13.65
429.56,3.51,509.12,490.32,1018.24,1000.00,277.42,653.18,20.00,377.88,20.36,997.87,0.00,0.58,0.28,0.00,0.87,1.88,5.11,6.99,4689.97,13.70
433.77,4.21,502.80,494.52,1005.61,1000.00,277.35,649.60,20.00,374.30,20.11,985.50,0.00,0.58,0.28,0.00,0.86,1.86,5.07,6.93,4719.14,13.75
438.83,5.05,495.75,499.14,991.50,1000.00,277.27,645.49,20.00,370.19,19.83,971.67,0.00,0.57,0.28,0.00,0.85,1.83,5.03,6.86,4753.81,13.81
441.86,3.03,494.62,505.96,989.24,1000.00,277.46,644.26,20.00,368.96,19.78,969.46,0.00,0.57,0.28,0.00,0.85,1.83,5.03,6.86,4774.60,13.83
445.50,3.64,489.27,509.43,978.54,1000.00,277.39,641.28,20.00,365.98,19.57,958.97,0.00,0.56,0.28,0.00,0.85,1.81,5.00,6.81,4799.36,13.88
449.86,4.37,483.30,513.28,966.61,1000.00,277.32,637.85,20.00,362.55,19.33,947.28,0.00,0.56,0.28,0.00,0.84,1.78,4.96,6.75,4828.82,13.94
455.10,5.24,476.64,517.51,953.29,1000.00,277.24,633.94,20.00,358.64,19.07,934.22,0.00,0.55,0.28,0.00,0.83,1.76,4.92,6.68,4863.84,14.00
458.24,3.14,475.64,524.23,951.28,1000.00,277.43,632.79,20.00,357.49,19.03,932.26,0.00,0.55,0.28,0.00,0.83,1.76,4.92,6.68,4884.84,14.02
462.01,3.77,470.57,527.42,941.15,1000.00,277.37,629.93,20.00,354.63,18.82,922.33,0.00,0.55,0.28,0.00,0.83,1.74,4.89,6.63,4909.86,14.07
466.54,4.53,464.92,530.94,929.84,1000.00,277.30,626.66,20.00,351.36,18.60,911.24,0.00,0.54,0.28,0.00,0.82,1.72,4.86,6.58,4939.63,14.12
469.26,2.72,464.27,536.89,928.53,1000.00,277.48,625.79,20.00,350.49,18.57,909.96,0.00,0.54,0.28,0.00,0.82,1.71,4.86,6.58,4957.49,14.14
472.52,3.26,459.98,539.50,919.96,1000.00,277.42,623.40,20.00,348.10,18.40,901.57,0.00,0.54,0.28,0.00,0.82,1.70,4.84,6.54,4978.79,14.18
476.43,3.91,455.19,542.39,910.39,1000.00,277.36,620.66,20.00,345.36,18.21,892.18,0.00,0.53,0.28,0.00,0.81,1.68,4.81,6.49,5004.18,14.23
481.12,4.69,449.84,545.60,899.69,1000.00,277.28,617.51,20.00,342.21,17.99,881.69,0.00,0.53,0.28,0.00,0.81,1.66,4.78,6.44,5034.39,14.28
483.94,2.82,449.26,551.44,898.52,1000.00,277.46,616.69,20.00,341.39,17.97,880.55,0.00,0.53,0.28,0.00,0.81,1.66,4.78,6.44,5052.52,14.30
487.31,3.38,445.18,553.82,890.37,1000.00,277.40,614.38,20.00,339.08,17.81,872.56,0.00,0.52,0.28,0.00,0.81,1.64,4.76,6.40,5074.14,14.34
491.37,4.05,440.63,556.49,881.25,1000.00,277.34,611.74,20.00,336.44,17.63,863.63,0.00,0.52,0.28,0.00,0.80,1.63,4.73,6.35,5099.91,14.39
496.23,4.87,435.52,559.42,871.04,1000.00,277.27,608.70,20.00,333.40,17.42,853.62,0.00,0.51,0.28,0.00,0.80,1.61,4.70,6.30,5130.58,14.45
499.15,2.92,435.00,565.18,869.99,1000.00,277.44,607.91,20.00,332.61,17.40,852.59,0.00,0.51,0.28,0.00,0.80,1.61,4.70,6.30,5148.99,14.46
502.66,3.50,431.10,567.39,862.20,1000.00,277.39,605.68,20.00,330.38,17.24,844.95,0.00,0.51,0.28,0.00,0.79,1.59,4.68,6.27,5170.94,14.51
506.86,4.20,426.73,569.83,853.47,1000.00,277.32,603.12,20.00,327.82,17.07,836.40,0.00,0.50,0.28,0.00,0.79,1.58,4.65,6.22,5197.11,14.56
511.91,5.04,421.85,572.54,843.69,1000.00,277.25,600.18,20.00,324.88,16.87,826.82,0.00,0.50,0.28,0.00,0.78,1.56,4.62,6.18,5228.26,14.61
514.93,3.03,421.38,578.26,842.76,1000.00,277.42,599.44,20.00,324.14,16.86,825.91,0.00,0.50,0.28,0.00,0.78,1.56,4.62,6.18,5246.95,14.63
518.56,3.63,417.64,580.30,835.28,1000.00,277.37,597.28,20.00,321.98,16.71,818.57,0.00,0.50,0.28,0.00,0.78,1.54,4.60,6.14,5269.25,14.67
522.92,4.36,413.45,582.57,826.90,1000.00,277.30,594.80,20.00,319.50,16.54,810.36,0.00,0.49,0.28,0.00,0.77,1.53,4.57,6.10,5295.83,14.72
528.15,5.23,408.75,585.06,817.51,1000.00,277.23,591.95,20.00,316.65,16.35,801.16,0.00,0.49,0.28,0.00,0.77,1.51,4.54,6.05,5327.49,14.78
531.29,3.14,408.34,590.75,816.67,1000.00,277.41,591.24,20.00,315.94,16.33,800.34,0.00,0.49,0.28,0.00,0.77,1.51,4.54,6.05,5346.48,14.79
535.06,3.77,404.73,592.64,809.47,1000.00,277.35,589.15,20.00,313.85,16.19,793.28,0.00,0.48,0.28,0.00,0.77,1.49,4.52,6.02,5369.14,14.84
539.58,4.52,400.69,594.73,801.39,1000.00,277.28,586.74,20.00,311.44,16.03,785.36,0.00,0.48,0.28,0.00,0.76,1.48,4.50,5.98,5396.15,14.89
545.00,5.42,396.18,597.03,792.36,1000.00,277.21,583.98,20.00,308.68,15.85,776.52,0.00,0.47,0.28,0.00,0.76,1.46,4.47,5.93,5428.31,14.94
548.25,3.25,395.81,602.72,791.62,1000.00,277.39,583.31,20.00,308.00,15.83,775.79,0.00,0.47,0.28,0.00,0.76,1.46,4.47,5.93,5447.62,14.96
552.16,3.90,392.33,604.46,784.67,1000.00,277.33,581.27,20.00,305.97,15.69,768.97,0.00,0.47,0.28,0.00,0.75,1.45,4.45,5.90,5470.65,15.01
556.84,4.69,388.45,606.39,776.90,1000.00,277.26,578.94,20.00,303.64,15.54,761.36,0.00,0.47,0.28,0.00,0.75,1.43,4.43,5.86,5498.11,15.06
562.46,5.62,384.09,608.51,768.19,1000.00,277.19,576.25,20.00,300.95,15.36,752.82,0.00,0.46,0.28,0.00,0.74,1.42,4.40,5.82,5530.80,15.11
565.84,3.37,383.77,614.20,767.55,1000.00,277.37,575.62,20.00,300.32,15.35,752.19,0.00,0.46,0.28,0.00,0.75,1.42,4.40,5.82,5550.43,15.13
569.89,4.05,380.41,615.80,760.82,1000.00,277.31,573.64,20.00,298.34,15.22,745.60,0.00,0.46,0.28,0.00,0.74,1.40,4.38,5.78,5573.84,15.18
574.74,4.86,376.65,617.57,753.31,1000.00,277.24,571.37,20.00,296.07,15.07,738.24,0.00,0.46,0.28,0.00,0.74,1.39,4.36,5.75,5601.76,15.23
580.57,5.83,372.45,619.51,744.91,1000.00,277.17,568.76,20.00,293.46,14.90,730.01,0.00,0.45,0.28,0.00,0.73,1.38,4.33,5.70,5635.00,15.28
584.07,3.50,372.18,625.23,744.36,1000.00,277.35,568.16,20.00,292.86,14.89,729.48,0.00,0.45,0.28,0.00,0.73,1.37,4.33,5.71,5654.96,15.30
588.27,4.20,368.93,626.71,737.86,1000.00,277.29,566.24,20.00,290.94,14.76,723.11,0.00,0.45,0.28,0.00,0.73,1.36,4.31,5.67,5678.77,15.35
593.30,5.04,365.30,628.33,730.60,1000.00,277.22,564.03,20.00,288.73,14.61,715.99,0.00,0.44,0.28,0.00,0.73,1.35,4.29,5.64,5707.16,15.40
596.33,3.02,365.20,633.51,730.40,1000.00,277.39,563.60,20.00,288.29,14.61,715.79,0.00,0.44,0.28,0.00,0.73,1.35,4.29,5.64,5724.21,15.42
599.95,3.63,362.41,634.71,724.81,1000.00,277.34,561.97,20.00,286.66,14.50,710.32,0.00,0.44,0.28,0.00,0.72,1.34,4.28,5.61,5744.57,15.46
604.30,4.35,359.28,636.04,718.56,1000.00,277.28,560.09,20.00,284.79,14.37,704.19,0.00,0.44,0.28,0.00,0.72,1.33,4.26,5.58,5768.85,15.50
609.52,5.22,355.79,637.52,711.57,1000.00,277.21,557.94,20.00,282.64,14.23,697.34,0.00,0.43,0.28,0.00,0.72,1.31,4.23,5.55,5797.81,15.56
612.66,3.13,355.70,642.65,711.40,1000.00,277.38,557.52,20.00,282.21,14.23,697.17,0.00,0.43,0.28,0.00,0.72,1.31,4.24,5.55,5815.20,15.57
616.42,3.76,353.00,643.73,706.00,1000.00,277.33,555.92,20.00,280.62,14.12,691.88,0.00,0.43,0.28,0.00,0.71,1.30,4.22,5.52,5835.96,15.61
620.93,4.51,349.98,644.94,699.95,1000.00,277.27,554.09,20.00,278.79,14.00,685.95,0.00,0.43,0.28,0.00,0.71,1.29,4.20,5.49,5860.74,15.66
626.34,5.41,346.59,646.29,693.19,1000.00,277.20,551.98,20.00,276.68,13.86,679.33,0.00,0.43,0.28,0.00,0.71,1.28,4.18,5.46,5890.29,15.71
629.59,3.25,346.53,651.41,693.06,1000.00,277.37,551.58,20.00,276.28,13.86,679.20,0.00,0.42,0.28,0.00,0.71,1.28,4.18,5.46,5908.03,15.73
633.49,3.90,343.90,652.40,687.81,1000.00,277.31,550.02,20.00,274.72,13.76,674.05,0.00,0.42,0.28,0.00,0.71,1.27,4.17,5.43,5929.21,15.77
638.17,4.68,340.97,653.51,681.94,1000.00,277.25,548.22,20.00,272.92,13.64,668.30,0.00,0.42,0.28,0.00,0.70,1.26,4.15,5.40,5954.49,15.82
643.78,5.61,337.68,654.71,675.36,1000.00,277.18,546.16,20.00,270.86,13.51,661.85,0.00,0.42,0.28,0.00,0.70,1.25,4.12,5.37,5984.64,15.87
647.15,3.37,337.63,659.85,675.27,1000.00,277.35,545.77,20.00,270.47,13.51,661.76,0.00,0.42,0.28,0.00,0.70,1.25,4.13,5.38,6002.74,15.89
651.19,4.04,335.08,660.76,670.17,1000.00,277.30,544.24,20.00,268.94,13.40,656.76,0.00,0.41,0.28,0.00,0.70,1.24,4.11,5.35,6024.36,15.93
656.04,4.85,332.22,661.76,664.44,1000.00,277.24,542.48,20.00,267.18,13.29,651.15,0.00,0.41,0.28,0.00,0.69,1.23,4.09,5.32,6050.15,15.98
661.86,5.82,329.02,662.87,658.05,1000.00,277.17,540.46,20.00,265.16,13.16,644.89,0.00,0.41,0.28,0.00,0.69,1.21,4.07,5.29,6080.91,16.03
665.35,3.49,328.99,668.03,657.99,1000.00,277.34,540.08,20.00,264.78,13.16,644.83,0.00,0.41,0.28,0.00,0.69,1.21,4.08,5.29,6099.39,16.05
669.54,4.19,326.51,668.86,653.01,1000.00,277.28,538.58,20.00,263.28,13.06,639.95,0.00,0.40,0.28,0.00,0.69,1.21,4.06,5.26,6121.45,16.09
674.57,5.03,323.72,669.77,647.43,1000.00,277.22,536.86,20.00,261.56,12.95,634.49,0.00,0.40,0.28,0.00,0.68,1.20,4.04,5.24,6147.78,16.14
680.60,6.03,320.59,670.76,641.19,1000.00,277.15,534.87,20.00,259.57,12.82,628.37,0.00,0.40,0.28,0.00,0.68,1.18,4.02,5.20,6179.17,16.20
684.22,3.62,320.58,675.95,641.17,1000.00,277.32,534.52,20.00,259.21,12.82,628.34,0.00,0.40,0.28,0.00,0.68,1.18,4.02,5.21,6198.02,16.21
688.57,4.34,318.15,676.70,636.30,1000.00,277.27,533.04,20.00,257.74,12.73,623.57,0.00,0.40,0.28,0.00,0.68,1.17,4.01,5.18,6220.54,16.26
693.78,5.21,315.43,677.53,630.86,1000.00,277.20,531.35,20.00,256.05,12.62,618.25,0.00,0.39,0.28,0.00,0.68,1.16,3.99,5.15,6247.41,16.31
700.04,6.26,312.39,678.42,624.77,1000.00,277.13,529.40,20.00,254.10,12.50,612.28,0.00,0.39,0.28,0.00,0.67,1.15,3.97,5.12,6279.45,16.36
703.79,3.75,312.39,683.65,624.78,1000.00,277.30,529.06,20.00,253.76,12.50,612.29,0.00,0.39,0.28,0.00,0.67,1.15,3.97,5.13,6298.70,16.38
708.29,4.50,310.01,684.32,620.03,1000.00,277.25,527.61,20.00,252.31,12.40,607.63,0.00,0.39,0.28,0.00,0.67,1.14,3.96,5.10,6321.68,16.43
713.70,5.41,307.35,685.05,614.71,1000.00,277.18,525.95,20.00,250.65,12.29,602.41,0.00,0.39,0.28,0.00,0.67,1.13,3.94,5.07,6349.11,16.48
720.19,6.49,304.39,685.85,608.77,1000.00,277.11,524.04,20.00,248.74,12.18,596.60,0.00,0.38,0.28,0.00,0.66,1.12,3.92,5.04,6381.81,16.53
724.08,3.89,304.41,691.14,608.83,1000.00,277.29,523.72,20.00,248.42,12.18,596.65,0.00,0.38,0.28,0.00,0.66,1.12,3.92,5.05,6401.46,16.55
728.75,4.67,302.09,691.73,604.17,1000.00,277.23,522.30,20.00,246.99,12.08,592.09,0.00,0.38,0.28,0.00,0.66,1.12,3.91,5.02,6424.92,16.60
734.35,5.60,299.48,692.37,598.97,1000.00,277.17,520.66,20.00,245.36,11.98,586.99,0.00,0.38,0.28,0.00,0.66,1.11,3.89,5.00,6452.92,16.65
737.71,3.36,299.62,697.25,599.23,1000.00,277.33,520.45,20.00,245.15,11.98,587.25,0.00,0.38,0.28,0.00,0.66,1.11,3.90,5.00,6469.74,16.67
741.75,4.03,297.60,697.70,595.19,1000.00,277.28,519.24,20.00,243.93,11.90,583.29,0.00,0.37,0.28,0.00,0.66,1.10,3.88,4.98,6489.85,16.71
746.59,4.84,295.33,698.20,590.66,1000.00,277.22,517.83,20.00,242.53,11.81,578.85,0.00,0.37,0.28,0.00,0.65,1.09,3.87,4.96,6513.85,16.75
752.40,5.81,292.80,698.75,585.61,1000.00,277.16,516.23,20.00,240.92,11.71,573.89,0.00,0.37,0.28,0.00,0.65,1.08,3.85,4.93,6542.50,16.81
755.89,3.49,292.94,703.61,585.88,1000.00,277.32,516.02,20.00,240.72,11.72,574.17,0.00,0.37,0.28,0.00,0.65,1.08,3.86,4.94,6559.71,16.82
760.07,4.18,290.97,703.99,581.93,1000.00,277.27,514.82,20.00,239.52,11.64,570.29,0.00,0.37,0.28,0.00,0.65,1.07,3.84,4.92,6580.28,16.86
765.09,5.02,288.76,704.41,577.52,1000.00,277.21,513.44,20.00,238.14,11.55,565.97,0.00,0.37,0.28,0.00,0.65,1.07,3.83,4.89,6604.85,16.91
771.11,6.02,286.29,704.88,572.58,1000.00,277.14,511.86,20.00,236.56,11.45,561.13,0.00,0.36,0.28,0.00,0.65,1.06,3.81,4.87,6634.16,16.96
774.73,3.61,286.43,709.76,572.87,1000.00,277.31,511.66,20.00,236.36,11.46,561.41,0.00,0.36,0.28,0.00,0.65,1.06,3.82,4.87,6651.78,16.98
779.07,4.34,284.50,710.07,569.00,1000.00,277.26,510.48,20.00,235.18,11.38,557.62,0.00,0.36,0.28,0.00,0.64,1.05,3.80,4.85,6672.83,17.02
784.27,5.20,282.34,710.44,564.68,1000.00,277.20,509.12,20.00,233.82,11.29,553.39,0.00,0.36,0.28,0.00,0.64,1.04,3.79,4.83,6697.96,17.07
790.52,6.25,279.92,710.83,559.84,1000.00,277.13,507.55,20.00,232.25,11.20,548.65,0.00,0.36,0.28,0.00,0.64,1.03,3.77,4.80,6727.96,17.12
794.26,3.75,280.07,715.73,560.14,1000.00,277.30,507.36,20.00,232.06,11.20,548.93,0.00,0.36,0.28,0.00,0.64,1.03,3.78,4.81,6745.99,17.14
798.76,4.50,278.17,715.99,556.34,1000.00,277.24,506.20,20.00,230.89,11.13,545.21,0.00,0.35,0.28,0.00,0.64,1.03,3.76,4.79,6767.53,17.18
804.16,5.40,276.05,716.27,552.09,1000.00,277.18,504.85,20.00,229.55,11.04,541.05,0.00,0.35,0.28,0.00,0.63,1.02,3.75,4.77,6793.25,17.23
810.63,6.48,273.67,716.58,547.35,1000.00,277.11,503.30,20.00,228.00,10.95,536.40,0.00,0.35,0.28,0.00,0.63,1.01,3.73,4.74,6823.95,17.29
814.52,3.89,273.83,721.53,547.66,1000.00,277.28,503.12,20.00,227.82,10.95,536.71,0.00,0.35,0.28,0.00,0.63,1.01,3.74,4.75,6842.39,17.30
819.18,4.66,271.97,721.75,543.93,1000.00,277.23,501.97,20.00,226.67,10.88,533.06,0.00,0.35,0.28,0.00,0.63,1.00,3.72,4.73,6864.44,17.35
824.78,5.59,269.88,721.97,539.76,1000.00,277.17,500.64,20.00,225.34,10.80,528.96,0.00,0.35,0.28,0.00,0.63,1.00,3.71,4.70,6890.76,17.40
831.49,6.71,267.55,722.21,535.10,1000.00,277.10,499.11,20.00,223.81,10.70,524.39,0.00,0.34,0.28,0.00,0.62,0.99,3.69,4.68,6922.17,17.45
835.52,4.03,267.71,727.21,535.42,1000.00,277.27,498.94,20.00,223.64,10.71,524.71,0.00,0.34,0.28,0.00,0.63,0.99,3.70,4.69,6941.05,17.47
840.35,4.83,265.88,727.36,531.75,1000.00,277.21,497.80,20.00,222.50,10.64,521.12,0.00,0.34,0.28,0.00,0.62,0.98,3.68,4.67,6963.61,17.52
846.15,5.80,263.83,727.54,527.66,1000.00,277.15,496.49,20.00,221.19,10.55,517.11,0.00,0.34,0.28,0.00,0.62,0.97,3.67,4.64,6990.55,17.57
853.11,6.96,261.53,727.70,523.07,1000.00,277.08,494.98,20.00,219.68,10.46,512.61,0.00,0.34,0.28,0.00,0.62,0.97,3.65,4.62,7022.69,17.62
857.29,4.18,261.70,732.76,523.41,1000.00,277.25,494.82,20.00,219.52,10.47,512.94,0.00,0.34,0.28,0.00,0.62,0.97,3.66,4.63,7042.01,17.64
862.30,5.01,259.90,732.86,519.79,1000.00,277.20,493.69,20.00,218.39,10.40,509.40,0.00,0.34,0.28,0.00,0.62,0.96,3.65,4.61,7065.10,17.69
868.32,6.01,257.88,732.98,515.77,1000.00,277.13,492.39,20.00,217.09,10.32,505.45,0.00,0.33,0.28,0.00,0.61,0.95,3.63,4.58,7092.67,17.74
871.93,3.61,258.12,737.66,516.23,1000.00,277.30,492.31,20.00,217.01,10.32,505.91,0.00,0.33,0.28,0.00,0.62,0.95,3.64,4.59,7109.24,17.76
876.26,4.33,256.54,737.70,513.08,1000.00,277.24,491.34,20.00,216.04,10.26,502.81,0.00,0.33,0.28,0.00,0.61,0.95,3.63,4.57,7129.05,17.80
881.45,5.20,254.77,737.74,509.54,1000.00,277.19,490.22,20.00,214.92,10.19,499.35,0.00,0.33,0.28,0.00,0.61,0.94,3.61,4.56,7152.72,17.84
887.69,6.24,252.79,737.77,505.59,1000.00,277.12,488.94,20.00,213.63,10.11,495.47,0.00,0.33,0.28,0.00,0.61,0.93,3.60,4.53,7180.99,17.90
891.43,3.74,253.03,742.47,506.06,1000.00,277.29,488.86,20.00,213.55,10.12,495.94,0.00,0.33,0.28,0.00,0.61,0.93,3.61,4.54,7197.98,17.91
895.92,4.49,251.48,742.46,502.96,1000.00,277.23,487.89,20.00,212.59,10.06,492.90,0.00,0.33,0.28,0.00,0.61,0.93,3.60,4.52,7218.29,17.96
901.31,5.39,249.74,742.43,499.48,1000.00,277.18,486.78,20.00,211.48,9.99,489.49,0.00,0.32,0.28,0.00,0.61,0.92,3.58,4.50,7242.56,18.00
907.77,6.47,247.81,742.42,495.61,1000.00,277.11,485.51,20.00,210.21,9.91,485.70,0.00,0.32,0.28,0.00,0.60,0.91,3.57,4.48,7271.54,18.05
911.65,3.88,248.04,747.13,496.08,1000.00,277.28,485.43,20.00,210.13,9.92,486.16,0.00,0.32,0.28,0.00,0.61,0.92,3.58,4.49,7288.96,18.07
916.31,4.65,246.51,747.06,493.02,1000.00,277.22,484.48,20.00,209.18,9.86,483.16,0.00,0.32,0.28,0.00,0.60,0.91,3.56,4.47,7309.79,18.11
921.89,5.59,244.80,747.00,489.61,1000.00,277.16,483.38,20.00,208.08,9.79,479.81,0.00,0.32,0.28,0.00,0.60,0.90,3.55,4.46,7334.68,18.16
928.59,6.70,242.89,746.90,485.78,1000.00,277.10,482.12,20.00,206.82,9.72,476.06,0.00,0.32,0.28,0.00,0.60,0.90,3.54,4.43,7364.39,18.22
932.62,4.02,243.13,751.68,486.26,1000.00,277.26,482.04,20.00,206.74,9.73,476.53,0.00,0.32,0.28,0.00,0.60,0.90,3.54,4.44,7382.26,18.23
937.44,4.83,241.62,751.56,483.24,1000.00,277.21,481.09,20.00,205.79,9.66,473.57,0.00,0.32,0.28,0.00,0.60,0.89,3.53,4.42,7403.61,18.28
943.23,5.79,239.93,751.44,479.87,1000.00,277.15,480.00,20.00,204.70,9.60,470.27,0.00,0.31,0.28,0.00,0.60,0.89,3.52,4.41,7429.13,18.33
950.18,6.95,238.05,751.31,476.11,1000.00,277.08,478.75,20.00,203.45,9.52,466.59,0.00,0.31,0.28,0.00,0.59,0.88,3.51,4.38,7459.59,18.38
954.35,4.17,238.29,756.11,476.58,1000.00,277.25,478.68,20.00,203.38,9.53,467.05,0.00,0.31,0.28,0.00,0.59,0.88,3.51,4.39,7477.91,18.40
959.36,5.00,236.80,755.97,473.60,1000.00,277.20,477.74,20.00,202.44,9.47,464.13,0.00,0.31,0.28,0.00,0.59,0.87,3.50,4.38,7499.81,18.44
965.36,6.00,235.14,755.80,470.27,1000.00,277.13,476.66,20.00,201.36,9.41,460.87,0.00,0.31,0.28,0.00,0.59,0.87,3.49,4.36,7525.97,18.49
972.57,7.21,233.28,755.61,466.56,1000.00,277.07,475.42,20.00,200.11,9.33,457.23,0.00,0.31,0.28,0.00,0.59,0.86,3.47,4.34,7557.20,18.55
976.89,4.32,233.52,760.47,467.03,1000.00,277.24,475.35,20.00,200.05,9.34,457.69,0.00,0.31,0.28,0.00,0.59,0.86,3.48,4.34,7575.98,18.57
982.08,5.19,232.05,760.29,464.09,1000.00,277.18,474.42,20.00,199.11,9.28,454.81,0.00,0.31,0.28,0.00,0.59,0.86,3.47,4.33,7598.43,18.61
988.30,6.23,230.40,760.07,460.80,1000.00,277.12,473.34,20.00,198.04,9.22,451.58,0.00,0.30,0.28,0.00,0.59,0.85,3.46,4.31,7625.25,18.66
995.77,7.47,228.56,759.83,457.13,1000.00,277.05,472.11,20.00,196.80,9.14,447.99,0.00,0.30,0.28,0.00,0.58,0.84,3.44,4.29,7657.28,18.72
1000.26,4.48,228.80,764.74,457.61,1000.00,277.22,472.04,20.00,196.74,9.15,448.46,0.00,0.30,0.28,0.00,0.58,0.84,3.45,4.30,7676.53,18.74
1005.64,5.38,227.35,764.51,454.69,1000.00,277.17,471.11,20.00,195.81,9.09,445.60,0.00,0.30,0.28,0.00,0.58,0.84,3.44,4.28,7699.55,18.78
1012.09,6.45,225.72,764.24,451.44,1000.00,277.10,470.05,20.00,194.75,9.03,442.41,0.00,0.30,0.28,0.00,0.58,0.83,3.43,4.26,7727.05,18.84
1015.96,3.87,226.01,768.86,452.02,1000.00,277.27,470.05,20.00,194.75,9.04,442.98,0.00,0.30,0.28,0.00,0.58,0.83,3.44,4.27,7743.58,18.85
1020.61,4.65,224.73,768.60,449.46,1000.00,277.21,469.24,20.00,193.94,8.99,440.47,0.00,0.30,0.28,0.00,0.58,0.83,3.43,4.25,7763.35,18.90
1026.19,5.58,223.30,768.32,446.59,1000.00,277.16,468.32,20.00,193.02,8.93,437.66,0.00,0.30,0.28,0.00,0.58,0.82,3.41,4.24,7786.99,18.94
1032.88,6.69,221.69,767.99,443.39,1000.00,277.09,467.26,20.00,191.96,8.87,434.52,0.00,0.29,0.28,0.00,0.58,0.82,3.40,4.22,7815.23,18.99
1036.89,4.02,221.98,772.62,443.97,1000.00,277.26,467.26,20.00,191.96,8.88,435.09,0.00,0.29,0.28,0.00,0.58,0.82,3.41,4.23,7832.21,19.01
1041.71,4.82,220.72,772.32,441.44,1000.00,277.20,466.46,20.00,191.16,8.83,432.61,0.00,0.29,0.28,0.00,0.58,0.81,3.40,4.21,7852.51,19.06
1047.49,5.78,219.30,771.98,438.61,1000.00,277.15,465.54,20.00,190.24,8.77,429.83,0.00,0.29,0.28,0.00,0.57,0.81,3.39,4.20,7876.78,19.10
1054.43,6.94,217.73,771.61,435.45,1000.00,277.08,464.48,20.00,189.18,8.71,426.74,0.00,0.29,0.28,0.00,0.57,0.80,3.38,4.18,7905.78,19.16
1058.60,4.16,218.01,776.28,436.03,1000.00,277.25,464.49,20.00,189.18,8.72,427.30,0.00,0.29,0.28,0.00,0.57,0.80,3.38,4.19,7923.22,19.17
1063.59,5.00,216.76,775.93,433.52,1000.00,277.19,463.69,20.00,188.39,8.67,424.85,0.00,0.29,0.28,0.00,0.57,0.80,3.37,4.17,7944.07,19.22
1069.59,5.99,215.37,775.57,430.73,1000.00,277.13,462.77,20.00,187.47,8.61,422.12,0.00,0.29,0.28,0.00,0.57,0.80,3.36,4.16,7968.99,19.27
1076.78,7.19,213.81,775.16,427.62,1000.00,277.07,461.72,20.00,186.42,8.55,419.06,0.00,0.29,0.28,0.00,0.57,0.79,3.35,4.14,7998.76,19.32
1081.10,4.32,214.09,779.85,428.18,1000.00,277.23,461.72,20.00,186.42,8.56,419.62,0.00,0.29,0.28,0.00,0.57,0.79,3.36,4.15,8016.67,19.34
1086.28,5.18,212.85,779.47,425.69,1000.00,277.18,460.93,20.00,185.63,8.51,417.18,0.00,0.28,0.28,0.00,0.57,0.79,3.35,4.13,8038.08,19.38
1092.49,6.22,211.46,779.06,422.93,1000.00,277.12,460.02,20.00,184.72,8.46,414.47,0.00,0.28,0.28,0.00,0.56,0.78,3.34,4.12,8063.67,19.43
1099.95,7.46,209.93,778.61,419.85,1000.00,277.05,458.97,20.00,183.67,8.40,411.45,0.00,0.28,0.28,0.00,0.56,0.78,3.32,4.10,8094.24,19.49
1104.42,4.48,210.21,783.36,420.42,1000.00,277.22,458.98,20.00,183.68,8.41,412.01,0.00,0.28,0.28,0.00,0.56,0.78,3.33,4.11,8112.62,19.50
1109.79,5.37,208.98,782.95,417.96,1000.00,277.17,458.19,20.00,182.88,8.36,409.60,0.00,0.28,0.28,0.00,0.56,0.77,3.32,4.09,8134.60,19.55
1116.24,6.44,207.61,782.50,415.22,1000.00,277.11,457.28,20.00,181.98,8.30,406.91,0.00,0.28,0.28,0.00,0.56,0.77,3.31,4.08,8160.88,19.60
1123.97,7.73,206.08,782.00,412.16,1000.00,277.04,456.24,20.00,180.93,8.24,403.92,0.00,0.28,0.28,0.00,0.56,0.76,3.30,4.06,8192.27,19.66
1128.61,4.64,206.36,786.79,412.72,1000.00,277.21,456.24,20.00,180.94,8.25,404.47,0.00,0.28,0.28,0.00,0.56,0.76,3.31,4.07,8211.14,19.68
1134.18,5.57,205.14,786.36,410.29,1000.00,277.15,455.45,20.00,180.15,8.21,402.08,0.00,0.28,0.28,0.00,0.56,0.76,3.30,4.05,8233.71,19.72
1140.86,6.68,203.78,785.87,407.57,1000.00,277.09,454.55,20.00,179.25,8.15,399.42,0.00,0.28,0.28,0.00,0.56,0.75,3.29,4.04,8260.69,19.77
1148.88,8.02,202.27,785.32,404.54,1000.00,277.02,453.51,20.00,178.21,8.09,396.45,0.00,0.27,0.28,0.00,0.55,0.75,3.27,4.02,8292.91,19.83
1153.69,4.81,202.55,790.18,405.10,1000.00,277.19,453.52,20.00,178.22,8.10,397.00,0.00,0.27,0.28,0.00,0.56,0.75,3.28,4.03,8312.30,19.85
1159.46,5.77,201.34,789.70,402.68,1000.00,277.14,452.73,20.00,177.43,8.05,394.63,0.00,0.27,0.28,0.00,0.55,0.74,3.27,4.01,8335.47,19.90
1166.39,6.93,199.99,789.17,399.98,1000.00,277.08,451.83,20.00,176.53,8.00,391.98,0.00,0.27,0.28,0.00,0.55,0.74,3.26,4.00,8363.16,19.95
1170.54,4.16,200.31,793.75,400.62,1000.00,277.24,451.89,20.00,176.59,8.01,392.60,0.00,0.27,0.28,0.00,0.55,0.74,3.27,4.01,8379.82,19.97
1175.53,4.99,199.24,793.28,398.48,1000.00,277.19,451.21,20.00,175.90,7.97,390.51,0.00,0.27,0.28,0.00,0.55,0.74,3.26,4.00,8399.75,20.01
1181.52,5.99,198.05,792.76,396.09,1000.00,277.13,450.42,20.00,175.12,7.92,388.17,0.00,0.27,0.28,0.00,0.55,0.73,3.25,3.98,8423.57,20.06
1188.70,7.18,196.71,792.17,393.42,1000.00,277.07,449.52,20.00,174.22,7.87,385.55,0.00,0.27,0.28,0.00,0.55,0.73,3.24,3.96,8452.05,20.11
1193.01,4.31,197.02,796.77,394.05,1000.00,277.23,449.58,20.00,174.27,7.88,386.17,0.00,0.27,0.28,0.00,0.55,0.73,3.25,3.97,8469.17,20.13
1198.18,5.17,195.97,796.27,391.94,1000.00,277.18,448.90,20.00,173.59,7.84,384.10,0.00,0.27,0.28,0.00,0.55,0.72,3.24,3.96,8489.66,20.18
1204.38,6.21,194.78,795.70,389.57,1000.00,277.12,448.11,20.00,172.81,7.79,381.78,0.00,0.27,0.28,0.00,0.55,0.72,3.23,3.95,8514.15,20.22
1211.83,7.45,193.47,795.10,386.94,1000.00,277.06,447.22,20.00,171.92,7.74,379.20,0.00,0.26,0.28,0.00,0.54,0.71,3.22,3.93,8543.42,20.28
1216.30,4.47,193.78,799.72,387.56,1000.00,277.22,447.27,20.00,171.97,7.75,379.81,0.00,0.26,0.28,0.00,0.55,0.72,3.23,3.94,8561.03,20.30
1221.66,5.36,192.73,799.17,385.45,1000.00,277.17,446.59,20.00,171.29,7.71,377.74,0.00,0.26,0.28,0.00,0.54,0.71,3.22,3.93,8582.09,20.34
1228.09,6.43,191.56,798.59,383.12,1000.00,277.11,445.81,20.00,170.51,7.66,375.46,0.00,0.26,0.28,0.00,0.54,0.71,3.21,3.91,8607.27,20.39
1235.81,7.72,190.25,797.91,380.50,1000.00,277.04,444.91,20.00,169.61,7.61,372.89,0.00,0.26,0.28,0.00,0.54,0.70,3.20,3.90,8637.36,20.45
1240.45,4.63,190.56,802.60,381.12,1000.00,277.21,444.97,20.00,169.67,7.62,373.50,0.00,0.26,0.28,0.00,0.54,0.70,3.20,3.91,8655.46,20.46
1246.00,5.56,189.51,802.01,379.03,1000.00,277.15,444.29,20.00,168.99,7.58,371.45,0.00,0.26,0.28,0.00,0.54,0.70,3.19,3.89,8677.11,20.51
1250.80,4.79,189.13,803.81,378.26,1000.00,277.20,443.98,20.00,168.68,7.57,370.70,0.00,0.26,0.28,0.00,0.54,0.70,3.19,3.89,8695.78,20.54
