Length_m	Pressure_bar
00.0	300.0000000000001
10.0	298.9805868388327
20.0	297.96130225861066
30.0	296.94214621884294
40.0	295.923118679057
50.0	294.9042195987987
60.0	293.8854489376324
70.0	292.8668066551407
80.0	291.8482927109245
90.0	290.8299070646033
100.0	289.8116496758147
110.0	288.79352050421477
120.0	287.7755195094779
130.0	286.7576466512967
140.0	285.73990188938217
150.0	284.72228518346355
160.0	283.70479649328837
170.0	282.68743577862244
180.0	281.6702029992498
190.0	280.65309811497275
200.0	279.6361210856118
210.0	278.61927187100576
220.0	277.6025504310116
230.0	276.5859567255044
240.0	275.56949071437754
250.0	274.5531523575426
260.0	273.5369416149293
270.0	272.52085844648536
280.0	271.5049028121769
290.0	270.489074671988
300.0	269.47337398592094
310.0	268.4578007139961
320.0	267.44235481625196
330.0	266.42703625274504
340.0	265.41184498355
350.0	264.3967809687596
360.0	263.3818441684845
370.0	262.3670345428536
380.0	261.35235205201377
390.0	260.33779665612985
400.0	259.3233683153847
410.0	258.30906698997927
420.0	257.29489264013245
430.0	256.28084522608106
440.0	255.26692470807998
450.0	254.25313104640202
460.0	253.2394642013379
470.0	252.22592413319637
480.0	251.212510802304
490.0	250.19922416900533
500.0	249.18606419366282
510.0	248.17303083665678
520.0	247.16012405838546
530.0	246.14734381926493
540.0	245.13469007972918
550.0	244.12216280023
560.0	243.10976194123705
570.0	242.09748746323783
580.0	241.08533932673762
590.0	240.07331749225955
600.0	239.06142192034454
610.0	238.0496525715513
620.0	237.03800940645627
630.0	236.02649238565374
640.0	235.0151014697557
650.0	234.0038366193919
660.0	232.99269779520984
670.0	231.9816849578747
680.0	230.97079806806943
690.0	229.96003708649462
700.0	228.94940197386862
710.0	227.93889269092742
720.0	226.92850919842468
730.0	225.91825145713176
740.0	224.90811942783762
750.0	223.8981130713489
760.0	222.88823234848982
770.0	221.87847722010227
780.0	220.86884764704573
790.0	219.85934359019726
800.0	218.84996501045154
810.0	217.8407118687208
820.0	216.83158412593482
830.0	215.822581743041
840.0	214.81370468100422
850.0	213.8049529008069
860.0	212.79632636344905
870.0	211.7878250299481
880.0	210.77944886133903
890.0	209.77119781867435
900.0	208.76307186302398
910.0	207.75507095547533
920.0	206.7471950571333
930.0	205.73944412912022
940.0	204.73181813257585
950.0	203.72431702865742
960.0	202.71694077853957
970.0	201.70968934341428
980.0	200.702562684491
990.0	199.69556076299656
1000.0	198.68868354017516
1010.0	197.68193097728835
1020.0	196.67530303561503
1030.0	195.6687996764515
1040.0	194.66242086111134
1050.0	193.6561665509255
1060.0	192.6500367072422
1070.0	191.644031291427
1080.0	190.63815026486276
1090.0	189.63239358894958
1100.0	188.6267612251049
1110.0	187.62125313476335
1120.0	186.61586927937688
1130.0	185.61060962041464
1140.0	184.605474119363
1150.0	183.60046273772562
1160.0	182.5955754370233
1170.0	181.59081217879412
1180.0	180.58617292459328
1190.0	179.5816576359932
1200.0	178.57726627458345
1210.0	177.57299880197078
1220.0	176.5688551797791
1230.0	175.5648353696494
1240.0	174.56093933323987
1250.0	173.5571670322258
1260.0	172.55351842829958
1270.0	171.5499934831707
1280.0	170.54659215856577
1290.0	169.54331441622844
1300.0	168.54016021791946
1310.0	167.53712952541662
1320.0	166.53422230051476
1330.0	165.53143850502576
1340.0	164.52877810077854
1350.0	163.52624104961905
1360.0	162.5238273134102
1370.0	161.52153685403198
1380.0	160.51936963338127
1390.0	159.517325613372
1400.0	158.51540475593507
1410.0	157.5136070230183
1420.0	156.51193237658646
1430.0	155.51038077862128
1440.0	154.50895219112144
1450.0	153.50764657610247
1460.0	152.50646389559688
1470.0	151.50540411165403
1480.0	150.5044671863402
1490.0	149.50365308173852
1500.0	148.50296175994902
1510.0	147.50239318308854
1520.0	146.50194731329083
1530.0	145.50162411270642
1540.0	144.50142354350274
1550.0	143.50134556786395
1560.0	142.5013901479911
1570.0	141.50155724610195
1580.0	140.50184682443117
1590.0	139.5022588452301
1600.0	138.5027932707669
1600.0	188.5027932707669
1610.0	188.45314916485918
1620.0	188.40350472847442
1630.0	188.3538599616088
1640.0	188.30421486425854
1650.0	188.25456943641984
1660.0	188.20492367808893
1670.0	188.155277589262
1680.0	188.10563116993526
1690.0	188.05598442010495
1700.0	188.00633733976724
1710.0	187.9566899289184
1720.0	187.90704218755457
1730.0	187.857394115672
1740.0	187.8077457132669
1750.0	187.7580969803355
1760.0	187.70844791687395
1770.0	187.65879852287853
1780.0	187.6091487983454
1790.0	187.55949874327078
1800.0	187.5098483576509
1810.0	187.46019764148195
1820.0	187.41054659476015
1830.0	187.3608952174817
1840.0	187.31124350964282
1850.0	187.26159147123974
1860.0	187.21193910226864
1870.0	187.16228640272573
1880.0	187.11263337260723
1890.0	187.06298001190936
1900.0	187.0133263206283
1910.0	186.9636722987603
1920.0	186.9140179463015
1930.0	186.86436326324818
1940.0	186.81470824959652
1950.0	186.76505290534274
1960.0	186.71539723048303
1970.0	186.66574122501362
1980.0	186.61608488893071
1990.0	186.5664282222305
2000.0	186.51677122490923
2010.0	186.4671138969631
2020.0	186.4174562383883
2030.0	186.36779824918105
2040.0	186.31813992933755
2050.0	186.268481278854
2060.0	186.21882229772666
2070.0	186.1691629859517
2080.0	186.1195033435253
2090.0	186.06984337044372
2100.0	186.02018306670314
2110.0	185.0146654522856
2120.0	184.00927196989502
2130.0	183.00400258103167
2140.0	181.998857247213
2150.0	180.99383592997373
2160.0	179.9889385908657
2170.0	178.98416519145798
2180.0	177.9795156933368
2190.0	176.97499005810556
2200.0	175.97058824738482
2210.0	174.9663102228123
2220.0	173.96215594604277
2230.0	172.9581253787482
2240.0	171.95421848261768
2250.0	170.95043521935733
2260.0	169.94677555069043
2270.0	168.94323943835732
2280.0	167.9398268441154
2290.0	166.93653772973914
2300.0	165.93337205702008
2310.0	164.93032978776677
2320.0	163.92741088380478
2330.0	162.92461530697676
2340.0	161.92194301914233
2350.0	160.91939398217812
2360.0	159.91696815797775
2370.0	158.9146655084518
2380.0	157.91248599552785
2390.0	156.91042958115042
2400.0	155.90849622728103
2410.0	154.90668589589808
2420.0	153.9049985489969
2430.0	152.90343414858978
2440.0	151.90199265670591
2450.0	150.90067403539138
2460.0	149.89947824670912
2470.0	148.89840525273902
2480.0	147.8974550155778
2490.0	146.89662749733907
2500.0	145.89592266015322
2510.0	144.89534046616754
2520.0	143.89488087754614
2530.0	142.89454385646994
2540.0	141.89432936513668
2550.0	140.8942373657609
2560.0	139.8942678205739
2570.0	138.89442069182383
2580.0	137.89469594177552
2590.0	136.89509353271066
2600.0	135.8956134269276
2610.0	134.8962555867415
2620.0	133.89701997448418
2630.0	132.89790655250425
2640.0	131.898915283167
2650.0	130.90004612885446
2660.0	129.90129905196525
2670.0	128.9026740149148
2680.0	127.90417098013509
2690.0	126.90578991007487
2700.0	125.90753076719948
2710.0	124.9093935139909
2720.0	123.91137811294779
2730.0	122.91348452658536
2740.0	121.91571271743551
2750.0	120.91806264804669
2760.0	119.92053428098396
2770.0	118.92312757882897
2780.0	117.92584250417993
2790.0	116.92867901965161
2800.0	115.93163708787537
2810.0	114.93471667149907
2820.0	113.93791773318713
2830.0	112.9412402356205
2840.0	111.94468414149661
2850.0	110.94824941352942
2860.0	109.9519360144494
2870.0	108.9557439070035
2880.0	107.9596730539551
2890.0	106.9637234180841
2900.0	105.96789496218685
2910.0	104.97218764907612
2920.0	103.97660144158114
2930.0	102.98113630254757
2940.0	101.98579219483747
2950.0	100.99056908132931
2960.0	99.99546692491798
2970.0	99.00048568851474
2980.0	98.00562533504724
2990.0	97.01088582745949
3000.0	96.01626712871186
3010.0	95.02176920178108
3020.0	94.02739200966022
3030.0	93.03313551535867
3040.0	92.03899968190214
3050.0	91.04498447233269
3060.0	90.05108984970862
3070.0	89.05731577710458
3080.0	88.06366221761147
3090.0	87.07012913433647
3100.0	86.07671649040304
3110.0	85.08342424895089
3120.0	84.09025237313595
3130.0	83.0972008261304
3140.0	82.10426957112267
3150.0	81.11145857131737
3160.0	80.11876778993535
3170.0	79.12619719021362
3180.0	78.13374673540541
3190.0	77.14141638878012
3200.0	76.14920611362331
3210.0	75.1571158732367
3220.0	74.16514563093818
3230.0	73.17329535006178
3240.0	72.18156499395762
3250.0	71.18995452599198
3260.0	70.19846390954724
3270.0	69.2070931080219
3280.0	68.21584208483051
3290.0	67.22471080340377
3300.0	66.23369922718838
3310.0	65.24280731964717
3320.0	64.25203504425899
3330.0	63.26138236451874
3340.0	62.27084924393736
3350.0	61.28043564604183
3360.0	60.29014153437513
3370.0	59.299966872496256
3380.0	58.309911623980206
3390.0	57.31997575241796
3400.0	56.330159221416494
3410.0	55.34046199459874
3420.0	54.3508840356036
