                   Time_d	               TimeStep_d	                  Qo_m3/d	                  Qw_m3/d	                  Qg_m3/d	                 Qwi_m3/d	              PwfProd_bar	               PwfInj_bar	              PwhProd_bar	               PwhInj_bar	             QgFlare_m3/d	              QgFuel_m3/d	               QgExp_m3/d	                  Pump_MW	                   ESP_MW	              ExpCompr_MW	            TotalPower_MW	     GasEmission_tonCO2/d	  DieselEmission_tonCO2/d	   TotalEmission_tonCO2/d	       CumEmission_tonCO2	    RelEmission_kgCO2/boe
                     2.91	                     0.31	                  1027.60	                     0.00	                  2055.20	                  1000.00	                   278.36	                  4361.16	                    20.00	                  4085.87	                    41.10	                  2014.09	                     0.00	                     6.30	                     0.29	                     0.00	                     6.60	                     3.79	                    38.98	                    42.78	                  3530.60	                    41.55
                     3.28	                     0.37	                  1027.60	                     0.00	                  2055.20	                  1000.00	                   278.36	                  3723.14	                    20.00	                  3447.85	                    41.10	                  2014.09	                     0.00	                     5.32	                     0.29	                     0.00	                     5.61	                     3.79	                    33.16	                    36.96	                  3544.33	                    35.89
                     3.50	                     0.22	                  1027.60	                     0.00	                  2055.20	                  1000.00	                   278.36	                  3434.86	                    20.00	                  3159.57	                    41.10	                  2014.09	                     0.00	                     4.87	                     0.29	                     0.00	                     5.17	                     3.79	                    30.53	                    34.33	                  3551.98	                    33.34
                     3.77	                     0.27	                  1027.60	                     0.00	                  2055.20	                  1000.00	                   278.36	                  3153.63	                    20.00	                  2878.34	                    41.10	                  2014.09	                     0.00	                     4.44	                     0.29	                     0.00	                     4.73	                     3.79	                    27.97	                    31.76	                  3560.47	                    30.84
                     4.09	                     0.32	                  1027.60	                     0.00	                  2055.20	                  1000.00	                   278.36	                  2886.35	                    20.00	                  2611.06	                    41.10	                  2014.09	                     0.00	                     4.03	                     0.29	                     0.00	                     4.32	                     3.79	                    25.53	                    29.32	                  3569.88	                    28.48
                     4.47	                     0.39	                  1027.60	                     0.00	                  2055.20	                  1000.00	                   278.36	                  2636.18	                    20.00	                  2360.89	                    41.10	                  2014.09	                     0.00	                     3.64	                     0.29	                     0.00	                     3.93	                     3.79	                    23.24	                    27.04	                  3580.30	                    26.26
                     4.70	                     0.23	                  1027.60	                     0.00	                  2055.20	                  1000.00	                   278.36	                  2512.12	                    20.00	                  2236.83	                    41.10	                  2014.09	                     0.00	                     3.45	                     0.29	                     0.00	                     3.74	                     3.79	                    22.11	                    25.90	                  3586.29	                    25.16
                     4.98	                     0.28	                  1027.60	                     0.00	                  2055.20	                  1000.00	                   278.36	                  2388.03	                    20.00	                  2112.74	                    41.10	                  2014.09	                     0.00	                     3.26	                     0.29	                     0.00	                     3.55	                     3.79	                    20.98	                    24.77	                  3593.16	                    24.06
                     5.31	                     0.33	                  1027.60	                     0.00	                  2055.20	                  1000.00	                   278.36	                  2261.32	                    20.00	                  1986.03	                    41.10	                  2014.09	                     0.00	                     3.06	                     0.29	                     0.00	                     3.36	                     3.79	                    19.82	                    23.62	                  3601.01	                    22.94
                     5.71	                     0.40	                  1027.60	                     0.00	                  2055.20	                  1000.00	                   278.36	                  2138.68	                    20.00	                  1863.39	                    41.10	                  2014.09	                     0.00	                     2.87	                     0.29	                     0.00	                     3.17	                     3.79	                    18.70	                    22.50	                  3610.00	                    21.85
                     5.83	                     0.12	                  1027.60	                     0.00	                  2055.20	                  1000.00	                   278.36	                  2103.01	                    20.00	                  1827.72	                    41.10	                  2014.09	                     0.00	                     2.82	                     0.29	                     0.00	                     3.11	                     3.79	                    18.38	                    22.17	                  3612.66	                    21.53
                     5.98	                     0.14	                  1027.60	                     0.00	                  2055.20	                  1000.00	                   278.36	                  2067.36	                    20.00	                  1792.07	                    41.10	                  2014.09	                     0.00	                     2.76	                     0.29	                     0.00	                     3.06	                     3.79	                    18.05	                    21.85	                  3615.80	                    21.22
                     6.15	                     0.17	                  1027.60	                     0.00	                  2055.20	                  1000.00	                   278.36	                  2025.69	                    20.00	                  1750.40	                    41.10	                  2014.09	                     0.00	                     2.70	                     0.29	                     0.00	                     2.99	                     3.79	                    17.67	                    21.47	                  3619.50	                    20.85
                     6.36	                     0.21	                  1027.60	                     0.00	                  2055.20	                  1000.00	                   278.36	                  1982.13	                    20.00	                  1706.84	                    41.10	                  2014.09	                     0.00	                     2.63	                     0.29	                     0.00	                     2.92	                     3.79	                    17.27	                    21.07	                  3623.86	                    20.46
                     6.61	                     0.25	                  1027.60	                     0.00	                  2055.20	                  1000.00	                   278.36	                  1932.23	                    20.00	                  1656.94	                    41.10	                  2014.09	                     0.00	                     2.56	                     0.29	                     0.00	                     2.85	                     3.79	                    16.82	                    20.61	                  3628.98	                    20.02
                     6.90	                     0.30	                  1027.60	                     0.00	                  2055.20	                  1000.00	                   278.36	                  1881.88	                    20.00	                  1606.59	                    41.10	                  2014.09	                     0.00	                     2.48	                     0.29	                     0.00	                     2.77	                     3.79	                    16.36	                    20.15	                  3634.99	                    19.57
                     7.26	                     0.36	                  1027.60	                     0.00	                  2055.20	                  1000.00	                   278.36	                  1825.45	                    20.00	                  1550.16	                    41.10	                  2014.09	                     0.00	                     2.39	                     0.29	                     0.00	                     2.68	                     3.79	                    15.84	                    19.64	                  3642.02	                    19.07
                     7.69	                     0.43	                  1027.60	                     0.00	                  2055.20	                  1000.00	                   278.36	                  1771.01	                    20.00	                  1495.72	                    41.10	                  2014.09	                     0.00	                     2.31	                     0.29	                     0.00	                     2.60	                     3.79	                    15.35	                    19.14	                  3650.23	                    18.59
                     7.95	                     0.26	                  1027.60	                     0.00	                  2055.20	                  1000.00	                   278.36	                  1738.07	                    20.00	                  1462.78	                    41.10	                  2014.09	                     0.00	                     2.26	                     0.29	                     0.00	                     2.55	                     3.79	                    15.05	                    18.84	                  3655.09	                    18.30
                     8.26	                     0.31	                  1027.60	                     0.00	                  2055.20	                  1000.00	                   278.36	                  1707.11	                    20.00	                  1431.82	                    41.10	                  2014.09	                     0.00	                     2.21	                     0.29	                     0.00	                     2.50	                     3.79	                    14.76	                    18.56	                  3660.82	                    18.02
                     8.63	                     0.37	                  1027.60	                     0.00	                  2055.20	                  1000.00	                   278.36	                  1670.19	                    20.00	                  1394.91	                    41.10	                  2014.09	                     0.00	                     2.15	                     0.29	                     0.00	                     2.44	                     3.79	                    14.43	                    18.22	                  3667.58	                    17.70
                     9.07	                     0.45	                  1027.60	                     0.00	                  2055.20	                  1000.00	                   278.36	                  1635.26	                    20.00	                  1359.97	                    41.10	                  2014.09	                     0.00	                     2.10	                     0.29	                     0.00	                     2.39	                     3.79	                    14.11	                    17.90	                  3675.55	                    17.39
                     9.34	                     0.27	                  1027.60	                     0.00	                  2055.20	                  1000.00	                   278.36	                  1612.40	                    20.00	                  1337.11	                    41.10	                  2014.09	                     0.00	                     2.06	                     0.29	                     0.00	                     2.35	                     3.79	                    13.90	                    17.69	                  3680.27	                    17.18
                     9.66	                     0.32	                  1027.60	                     0.00	                  2055.20	                  1000.00	                   278.36	                  1591.88	                    20.00	                  1316.60	                    41.10	                  2014.09	                     0.00	                     2.03	                     0.29	                     0.00	                     2.32	                     3.79	                    13.71	                    17.51	                  3685.88	                    17.00
                    10.05	                     0.38	                  1027.60	                     0.00	                  2055.20	                  1000.00	                   278.36	                  1565.91	                    20.00	                  1290.63	                    41.10	                  2014.09	                     0.00	                     1.99	                     0.29	                     0.00	                     2.28	                     3.79	                    13.48	                    17.27	                  3692.52	                    16.77
                    10.51	                     0.46	                  1027.60	                     0.00	                  2055.20	                  1000.00	                   278.36	                  1542.02	                    20.00	                  1266.73	                    41.10	                  2014.09	                     0.00	                     1.95	                     0.29	                     0.00	                     2.25	                     3.79	                    13.26	                    17.05	                  3700.39	                    16.56
                    10.78	                     0.28	                  1027.60	                     0.00	                  2055.20	                  1000.00	                   278.36	                  1525.13	                    20.00	                  1249.84	                    41.10	                  2014.09	                     0.00	                     1.93	                     0.29	                     0.00	                     2.22	                     3.79	                    13.10	                    16.90	                  3705.07	                    16.41
                    11.12	                     0.33	                  1027.60	                     0.00	                  2055.20	                  1000.00	                   278.36	                  1510.75	                    20.00	                  1235.46	                    41.10	                  2014.09	                     0.00	                     1.91	                     0.29	                     0.00	                     2.20	                     3.79	                    12.97	                    16.77	                  3710.64	                    16.28
                    11.51	                     0.40	                  1027.60	                     0.00	                  2055.20	                  1000.00	                   278.36	                  1491.42	                    20.00	                  1216.14	                    41.10	                  2014.09	                     0.00	                     1.88	                     0.29	                     0.00	                     2.17	                     3.79	                    12.80	                    16.59	                  3717.26	                    16.11
                    11.99	                     0.48	                  1027.60	                     0.00	                  2055.20	                  1000.00	                   278.36	                  1474.25	                    20.00	                  1198.96	                    41.10	                  2014.09	                     0.00	                     1.85	                     0.29	                     0.00	                     2.14	                     3.79	                    12.64	                    16.43	                  3725.12	                    15.96
                    12.28	                     0.29	                  1027.60	                     0.00	                  2055.20	                  1000.00	                   278.36	                  1461.15	                    20.00	                  1185.86	                    41.10	                  2014.09	                     0.00	                     1.83	                     0.29	                     0.00	                     2.12	                     3.79	                    12.52	                    16.31	                  3729.80	                    15.84
                    12.62	                     0.34	                  1027.60	                     0.00	                  2055.20	                  1000.00	                   278.36	                  1450.60	                    20.00	                  1175.31	                    41.10	                  2014.09	                     0.00	                     1.81	                     0.29	                     0.00	                     2.10	                     3.79	                    12.42	                    16.22	                  3735.39	                    15.75
                    13.04	                     0.41	                  1027.60	                     0.00	                  2055.20	                  1000.00	                   278.36	                  1435.57	                    20.00	                  1160.28	                    41.10	                  2014.09	                     0.00	                     1.79	                     0.29	                     0.00	                     2.08	                     3.79	                    12.29	                    16.08	                  3742.04	                    15.62
                    13.53	                     0.50	                  1027.60	                     0.00	                  2055.20	                  1000.00	                   278.36	                  1422.72	                    20.00	                  1147.43	                    41.10	                  2014.09	                     0.00	                     1.77	                     0.29	                     0.00	                     2.06	                     3.79	                    12.17	                    15.96	                  3749.96	                    15.50
                    14.13	                     0.60	                  1027.60	                     0.00	                  2055.20	                  1000.00	                   278.36	                  1404.36	                    20.00	                  1129.07	                    41.10	                  2014.09	                     0.00	                     1.74	                     0.29	                     0.00	                     2.03	                     3.79	                    12.00	                    15.80	                  3759.36	                    15.34
                    14.84	                     0.71	                  1027.60	                     0.00	                  2055.20	                  1000.00	                   278.36	                  1389.52	                    20.00	                  1114.23	                    41.10	                  2014.09	                     0.00	                     1.72	                     0.29	                     0.00	                     2.01	                     3.79	                    11.87	                    15.66	                  3770.54	                    15.21
                    15.27	                     0.43	                  1027.60	                     0.00	                  2055.20	                  1000.00	                   278.36	                  1376.87	                    20.00	                  1101.58	                    41.10	                  2014.09	                     0.00	                     1.70	                     0.29	                     0.00	                     1.99	                     3.79	                    11.75	                    15.54	                  3777.21	                    15.10
                    15.79	                     0.51	                  1027.60	                     0.00	                  2055.20	                  1000.00	                   278.36	                  1367.99	                    20.00	                  1092.71	                    41.10	                  2014.09	                     0.00	                     1.68	                     0.29	                     0.00	                     1.98	                     3.79	                    11.67	                    15.46	                  3785.16	                    15.02
                    16.40	                     0.62	                  1027.60	                     0.00	                  2055.20	                  1000.00	                   278.36	                  1354.04	                    20.00	                  1078.75	                    41.10	                  2014.09	                     0.00	                     1.66	                     0.29	                     0.00	                     1.96	                     3.79	                    11.54	                    15.34	                  3794.63	                    14.89
                    17.14	                     0.74	                  1027.60	                     0.00	                  2055.20	                  1000.00	                   278.36	                  1343.48	                    20.00	                  1068.19	                    41.10	                  2014.09	                     0.00	                     1.65	                     0.29	                     0.00	                     1.94	                     3.79	                    11.45	                    15.24	                  3805.91	                    14.80
                    17.59	                     0.44	                  1027.60	                     0.00	                  2055.20	                  1000.00	                   278.36	                  1333.32	                    20.00	                  1058.04	                    41.10	                  2014.09	                     0.00	                     1.63	                     0.29	                     0.00	                     1.92	                     3.79	                    11.35	                    15.15	                  3812.64	                    14.71
                    18.12	                     0.53	                  1027.60	                     0.00	                  2055.20	                  1000.00	                   278.36	                  1326.86	                    20.00	                  1051.58	                    41.10	                  2014.09	                     0.00	                     1.62	                     0.29	                     0.00	                     1.91	                     3.79	                    11.29	                    15.09	                  3820.69	                    14.65
                    18.76	                     0.64	                  1027.60	                     0.00	                  2055.20	                  1000.00	                   278.36	                  1315.65	                    20.00	                  1040.36	                    41.10	                  2014.09	                     0.00	                     1.60	                     0.29	                     0.00	                     1.90	                     3.79	                    11.19	                    14.99	                  3830.28	                    14.55
                    19.53	                     0.77	                  1027.60	                     0.00	                  2055.20	                  1000.00	                   278.36	                  1307.78	                    20.00	                  1032.49	                    41.10	                  2014.09	                     0.00	                     1.59	                     0.29	                     0.00	                     1.88	                     3.79	                    11.12	                    14.91	                  3841.73	                    14.48
                    19.99	                     0.46	                  1027.60	                     0.00	                  2055.20	                  1000.00	                   278.36	                  1299.25	                    20.00	                  1023.96	                    41.10	                  2014.09	                     0.00	                     1.58	                     0.29	                     0.00	                     1.87	                     3.79	                    11.04	                    14.84	                  3848.57	                    14.41
                    20.54	                     0.55	                  1027.60	                     0.00	                  2055.20	                  1000.00	                   278.36	                  1294.35	                    20.00	                  1019.06	                    41.10	                  2014.09	                     0.00	                     1.57	                     0.29	                     0.00	                     1.86	                     3.79	                    11.00	                    14.79	                  3856.74	                    14.37
                    21.21	                     0.66	                  1027.60	                     0.00	                  2055.20	                  1000.00	                   278.36	                  1284.96	                    20.00	                  1009.67	                    41.10	                  2014.09	                     0.00	                     1.56	                     0.29	                     0.00	                     1.85	                     3.79	                    10.91	                    14.71	                  3866.50	                    14.28
                    22.00	                     0.80	                  1027.60	                     0.00	                  2055.20	                  1000.00	                   278.36	                  1278.88	                    20.00	                  1003.59	                    41.10	                  2014.09	                     0.00	                     1.55	                     0.29	                     0.00	                     1.84	                     3.79	                    10.86	                    14.65	                  3878.16	                    14.23
                    22.48	                     0.48	                  1027.60	                     0.00	                  2055.20	                  1000.00	                   278.36	                  1271.48	                    20.00	                   996.19	                    41.10	                  2014.09	                     0.00	                     1.54	                     0.29	                     0.00	                     1.83	                     3.79	                    10.79	                    14.58	                  3885.13	                    14.16
                    23.05	                     0.57	                  1027.60	                     0.00	                  2055.20	                  1000.00	                   278.36	                  1267.64	                    20.00	                   992.35	                    41.10	                  2014.09	                     0.00	                     1.53	                     0.29	                     0.00	                     1.82	                     3.79	                    10.75	                    14.55	                  3893.47	                    14.13
                    23.74	                     0.69	                  1027.60	                     0.00	                  2055.20	                  1000.00	                   278.36	                  1259.56	                    20.00	                   984.27	                    41.10	                  2014.09	                     0.00	                     1.52	                     0.29	                     0.00	                     1.81	                     3.79	                    10.68	                    14.47	                  3903.42	                    14.06
                    24.57	                     0.83	                  1027.60	                     0.00	                  2055.20	                  1000.00	                   278.36	                  1254.73	                    20.00	                   979.44	                    41.10	                  2014.09	                     0.00	                     1.51	                     0.29	                     0.00	                     1.80	                     3.79	                    10.64	                    14.43	                  3915.34	                    14.01
                    25.06	                     0.50	                  1027.60	                     0.00	                  2055.20	                  1000.00	                   278.36	                  1248.17	                    20.00	                   972.88	                    41.10	                  2014.09	                     0.00	                     1.50	                     0.29	                     0.00	                     1.79	                     3.79	                    10.58	                    14.37	                  3922.45	                    13.96
                    25.66	                     0.59	                  1027.60	                     0.00	                  2055.20	                  1000.00	                   278.36	                  1245.08	                    20.00	                   969.80	                    41.10	                  2014.09	                     0.00	                     1.50	                     0.29	                     0.00	                     1.79	                     3.79	                    10.55	                    14.34	                  3930.98	                    13.93
                    26.37	                     0.71	                  1027.60	                     0.00	                  2055.20	                  1000.00	                   278.36	                  1237.99	                    20.00	                   962.70	                    41.10	                  2014.09	                     0.00	                     1.48	                     0.29	                     0.00	                     1.78	                     3.79	                    10.48	                    14.28	                  3941.16	                    13.87
                    27.23	                     0.86	                  1027.60	                     0.00	                  2055.20	                  1000.00	                   278.36	                  1234.06	                    20.00	                   958.77	                    41.10	                  2014.09	                     0.00	                     1.48	                     0.29	                     0.00	                     1.77	                     3.79	                    10.45	                    14.24	                  3953.35	                    13.83
                    27.74	                     0.51	                  1027.60	                     0.00	                  2055.20	                  1000.00	                   278.36	                  1228.18	                    20.00	                   952.89	                    41.10	                  2014.09	                     0.00	                     1.47	                     0.29	                     0.00	                     1.76	                     3.79	                    10.39	                    14.19	                  3960.63	                    13.78
                    28.35	                     0.62	                  1027.60	                     0.00	                  2055.20	                  1000.00	                   278.36	                  1225.64	                    20.00	                   950.35	                    41.10	                  2014.09	                     0.00	                     1.47	                     0.29	                     0.00	                     1.76	                     3.79	                    10.37	                    14.16	                  3969.36	                    13.76
                    29.09	                     0.74	                  1027.60	                     0.00	                  2055.20	                  1000.00	                   278.36	                  1219.33	                    20.00	                   944.04	                    41.10	                  2014.09	                     0.00	                     1.46	                     0.29	                     0.00	                     1.75	                     3.79	                    10.31	                    14.11	                  3979.79	                    13.70
                    29.98	                     0.89	                  1027.60	                     0.00	                  2055.20	                  1000.00	                   278.36	                  1216.06	                    20.00	                   940.78	                    41.10	                  2014.09	                     0.00	                     1.45	                     0.29	                     0.00	                     1.74	                     3.79	                    10.28	                    14.08	                  3992.28	                    13.67
                    31.05	                     1.06	                  1027.60	                     0.00	                  2055.20	                  1000.00	                   278.36	                  1207.76	                    20.00	                   932.47	                    41.10	                  2014.09	                     0.00	                     1.44	                     0.29	                     0.00	                     1.73	                     3.79	                    10.21	                    14.00	                  4007.19	                    13.60
                    32.32	                     1.28	                  1027.60	                     0.00	                  2055.20	                  1000.00	                   278.36	                  1203.73	                    20.00	                   928.44	                    41.10	                  2014.09	                     0.00	                     1.43	                     0.29	                     0.00	                     1.72	                     3.79	                    10.17	                    13.96	                  4025.03	                    13.56
                    33.09	                     0.77	                  1027.60	                     0.00	                  2055.20	                  1000.00	                   278.36	                  1196.81	                    20.00	                   921.52	                    41.10	                  2014.09	                     0.00	                     1.42	                     0.29	                     0.00	                     1.71	                     3.79	                    10.11	                    13.90	                  4035.69	                    13.50
                    34.01	                     0.92	                  1027.60	                     0.00	                  2055.20	                  1000.00	                   278.36	                  1194.27	                    20.00	                   918.98	                    41.10	                  2014.09	                     0.00	                     1.42	                     0.29	                     0.00	                     1.71	                     3.79	                    10.08	                    13.88	                  4048.45	                    13.48
                    35.11	                     1.10	                  1027.60	                     0.00	                  2055.20	                  1000.00	                   278.36	                  1187.10	                    20.00	                   911.81	                    41.10	                  2014.09	                     0.00	                     1.41	                     0.29	                     0.00	                     1.70	                     3.79	                    10.02	                    13.81	                  4063.70	                    13.42
                    36.44	                     1.32	                  1027.60	                     0.00	                  2055.20	                  1000.00	                   278.36	                  1183.91	                    20.00	                   908.62	                    41.10	                  2014.09	                     0.00	                     1.40	                     0.29	                     0.00	                     1.69	                     3.79	                     9.99	                    13.78	                  4081.96	                    13.39
                    37.23	                     0.79	                  1027.60	                     0.00	                  2055.20	                  1000.00	                   278.36	                  1177.79	                    20.00	                   902.50	                    41.10	                  2014.09	                     0.00	                     1.39	                     0.29	                     0.00	                     1.68	                     3.79	                     9.93	                    13.73	                  4092.87	                    13.33
                    38.19	                     0.95	                  1027.60	                     0.00	                  2055.20	                  1000.00	                   278.36	                  1175.75	                    20.00	                   900.46	                    41.10	                  2014.09	                     0.00	                     1.39	                     0.29	                     0.00	                     1.68	                     3.79	                     9.92	                    13.71	                  4105.95	                    13.31
                    39.33	                     1.14	                  1027.60	                     0.00	                  2055.20	                  1000.00	                   278.36	                  1169.41	                    20.00	                   894.13	                    41.10	                  2014.09	                     0.00	                     1.38	                     0.29	                     0.00	                     1.67	                     3.79	                     9.86	                    13.65	                  4121.57	                    13.26
                    40.71	                     1.37	                  1027.60	                     0.00	                  2055.20	                  1000.00	                   278.36	                  1166.82	                    20.00	                   891.53	                    41.10	                  2014.09	                     0.00	                     1.37	                     0.29	                     0.00	                     1.67	                     3.79	                     9.83	                    13.63	                  4140.29	                    13.24
                    41.53	                     0.82	                  1027.60	                     0.00	                  2055.20	                  1000.00	                   278.36	                  1161.29	                    20.00	                   886.00	                    41.10	                  2014.09	                     0.00	                     1.37	                     0.29	                     0.00	                     1.66	                     3.79	                     9.78	                    13.58	                  4151.48	                    13.19
                    42.52	                     0.99	                  1027.60	                     0.00	                  2055.20	                  1000.00	                   278.36	                  1159.62	                    20.00	                   884.33	                    41.10	                  2014.09	                     0.00	                     1.36	                     0.29	                     0.00	                     1.66	                     3.79	                     9.77	                    13.56	                  4164.89	                    13.17
                    43.71	                     1.19	                  1027.60	                     0.00	                  2055.20	                  1000.00	                   278.36	                  1153.90	                    20.00	                   878.61	                    41.10	                  2014.09	                     0.00	                     1.35	                     0.29	                     0.00	                     1.65	                     3.79	                     9.72	                    13.51	                  4180.92	                    13.12
                    45.13	                     1.42	                  1027.60	                     0.00	                  2055.20	                  1000.00	                   278.36	                  1151.75	                    20.00	                   876.46	                    41.10	                  2014.09	                     0.00	                     1.35	                     0.29	                     0.00	                     1.64	                     3.79	                     9.70	                    13.49	                  4200.13	                    13.10
                    45.98	                     0.85	                  1027.60	                     0.00	                  2055.20	                  1000.00	                   278.36	                  1146.66	                    20.00	                   871.37	                    41.10	                  2014.09	                     0.00	                     1.34	                     0.29	                     0.00	                     1.64	                     3.79	                     9.65	                    13.44	                  4211.62	                    13.06
                    47.01	                     1.03	                  1027.60	                     0.00	                  2055.20	                  1000.00	                   278.36	                  1145.26	                    20.00	                   869.97	                    41.10	                  2014.09	                     0.00	                     1.34	                     0.29	                     0.00	                     1.63	                     3.79	                     9.64	                    13.43	                  4225.39	                    13.04
                    48.24	                     1.23	                  1027.60	                     0.00	                  2055.20	                  1000.00	                   278.36	                  1140.01	                    20.00	                   864.72	                    41.10	                  2014.09	                     0.00	                     1.33	                     0.29	                     0.00	                     1.62	                     3.79	                     9.59	                    13.38	                  4241.86	                    13.00
                    49.72	                     1.48	                  1027.60	                     0.00	                  2055.20	                  1000.00	                   278.36	                  1138.19	                    20.00	                   862.91	                    41.10	                  2014.09	                     0.00	                     1.33	                     0.29	                     0.00	                     1.62	                     3.79	                     9.57	                    13.37	                  4261.59	                    12.98
                    50.60	                     0.89	                  1027.60	                     0.00	                  2055.20	                  1000.00	                   278.36	                  1133.45	                    20.00	                   858.17	                    41.10	                  2014.09	                     0.00	                     1.32	                     0.29	                     0.00	                     1.61	                     3.79	                     9.53	                    13.32	                  4273.39	                    12.94
                    51.66	                     1.06	                  1027.60	                     0.00	                  2055.20	                  1000.00	                   278.36	                  1132.26	                    20.00	                   856.98	                    41.10	                  2014.09	                     0.00	                     1.32	                     0.29	                     0.00	                     1.61	                     3.79	                     9.52	                    13.31	                  4287.55	                    12.93
                    52.94	                     1.28	                  1027.60	                     0.00	                  2055.20	                  1000.00	                   278.36	                  1127.40	                    20.00	                   852.11	                    41.10	                  2014.09	                     0.00	                     1.31	                     0.29	                     0.00	                     1.61	                     3.79	                     9.47	                    13.27	                  4304.47	                    12.89
                    54.47	                     1.53	                  1027.60	                     0.00	                  2055.20	                  1000.00	                   278.36	                  1125.85	                    20.00	                   850.56	                    41.10	                  2014.09	                     0.00	                     1.31	                     0.29	                     0.00	                     1.60	                     3.79	                     9.46	                    13.25	                  4324.76	                    12.87
                    56.31	                     1.84	                  1027.60	                     0.00	                  2055.20	                  1000.00	                   278.36	                  1119.30	                    20.00	                   844.01	                    41.10	                  2014.09	                     0.00	                     1.30	                     0.29	                     0.00	                     1.59	                     3.79	                     9.40	                    13.19	                  4349.00	                    12.81
                    58.51	                     2.20	                  1027.60	                     0.00	                  2055.20	                  1000.00	                   278.36	                  1117.34	                    20.00	                   842.05	                    41.10	                  2014.09	                     0.00	                     1.30	                     0.29	                     0.00	                     1.59	                     3.79	                     9.38	                    13.18	                  4378.04	                    12.80
                    59.83	                     1.32	                  1027.60	                     0.00	                  2055.20	                  1000.00	                   278.36	                  1111.43	                    20.00	                   836.14	                    41.10	                  2014.09	                     0.00	                     1.29	                     0.29	                     0.00	                     1.58	                     3.79	                     9.33	                    13.12	                  4395.40	                    12.74
                    61.42	                     1.59	                  1027.60	                     0.00	                  2055.20	                  1000.00	                   278.36	                  1110.17	                    20.00	                   834.88	                    41.10	                  2014.09	                     0.00	                     1.29	                     0.29	                     0.00	                     1.58	                     3.79	                     9.32	                    13.11	                  4416.20	                    12.73
                    63.33	                     1.90	                  1027.60	                     0.00	                  2055.20	                  1000.00	                   278.36	                  1104.28	                    20.00	                   828.99	                    41.10	                  2014.09	                     0.00	                     1.28	                     0.29	                     0.00	                     1.57	                     3.79	                     9.26	                    13.06	                  4441.07	                    12.68
                    65.61	                     2.29	                  1027.60	                     0.00	                  2055.20	                  1000.00	                   278.36	                  1102.67	                    20.00	                   827.39	                    41.10	                  2014.09	                     0.00	                     1.28	                     0.29	                     0.00	                     1.57	                     3.79	                     9.25	                    13.04	                  4470.88	                    12.67
                    66.98	                     1.37	                  1027.60	                     0.00	                  2055.20	                  1000.00	                   278.36	                  1097.29	                    20.00	                   822.00	                    41.10	                  2014.09	                     0.00	                     1.27	                     0.29	                     0.00	                     1.56	                     3.79	                     9.20	                    12.99	                  4488.69	                    12.62
                    68.63	                     1.65	                  1027.60	                     0.00	                  2055.20	                  1000.00	                   278.36	                  1096.25	                    20.00	                   820.96	                    41.10	                  2014.09	                     0.00	                     1.27	                     0.29	                     0.00	                     1.56	                     3.79	                     9.19	                    12.98	                  4510.06	                    12.61
                    70.60	                     1.97	                  1027.60	                     0.00	                  2055.20	                  1000.00	                   278.36	                  1090.89	                    20.00	                   815.60	                    41.10	                  2014.09	                     0.00	                     1.26	                     0.29	                     0.00	                     1.55	                     3.79	                     9.14	                    12.94	                  4535.60	                    12.56
                    72.97	                     2.37	                  1027.60	                     0.00	                  2055.20	                  1000.00	                   278.36	                  1089.54	                    20.00	                   814.25	                    41.10	                  2014.09	                     0.00	                     1.26	                     0.29	                     0.00	                     1.55	                     3.79	                     9.13	                    12.92	                  4566.22	                    12.55
                    74.39	                     1.42	                  1027.60	                     0.00	                  2055.20	                  1000.00	                   278.36	                  1084.57	                    20.00	                   809.28	                    41.10	                  2014.09	                     0.00	                     1.25	                     0.29	                     0.00	                     1.54	                     3.79	                     9.08	                    12.88	                  4584.53	                    12.51
                    76.10	                     1.71	                  1027.60	                     0.00	                  2055.20	                  1000.00	                   278.36	                  1083.69	                    20.00	                   808.41	                    41.10	                  2014.09	                     0.00	                     1.25	                     0.29	                     0.00	                     1.54	                     3.79	                     9.08	                    12.87	                  4606.48	                    12.50
                    78.15	                     2.05	                  1027.60	                     0.00	                  2055.20	                  1000.00	                   278.36	                  1078.74	                    20.00	                   803.45	                    41.10	                  2014.09	                     0.00	                     1.24	                     0.29	                     0.00	                     1.53	                     3.79	                     9.03	                    12.82	                  4632.74	                    12.46
                    80.60	                     2.46	                  1027.60	                     0.00	                  2055.20	                  1000.00	                   278.36	                  1077.60	                    20.00	                   802.31	                    41.10	                  2014.09	                     0.00	                     1.24	                     0.29	                     0.00	                     1.53	                     3.79	                     9.02	                    12.81	                  4664.22	                    12.44
                    82.08	                     1.47	                  1027.60	                     0.00	                  2055.20	                  1000.00	                   278.36	                  1072.95	                    20.00	                   797.66	                    41.10	                  2014.09	                     0.00	                     1.23	                     0.29	                     0.00	                     1.52	                     3.79	                     8.98	                    12.77	                  4683.04	                    12.40
                    83.58	                     1.51	                  1027.60	                     0.00	                  2055.20	                  1000.00	                   278.36	                  1072.31	                    20.00	                   797.02	                    41.10	                  2014.09	                     0.00	                     1.23	                     0.29	                     0.00	                     1.52	                     3.79	                     8.97	                    12.77	                  4702.28	                    12.40
