                   Time_d	               TimeStep_d	                  Qo_m3/d	                  Qw_m3/d	                  Qg_m3/d	                 Qwi_m3/d	              PwfProd_bar	               PwfInj_bar	              PwhProd_bar	               PwhInj_bar	             QgFlare_m3/d	              QgFuel_m3/d	               QgExp_m3/d	                  Pump_MW	                   ESP_MW	              ExpCompr_MW	            TotalPower_MW	     GasEmission_tonCO2/d	  DieselEmission_tonCO2/d	   TotalEmission_tonCO2/d	       CumEmission_tonCO2	    RelEmission_kgCO2/boe
                     0.10	                     0.10	                  1027.60	                     0.00	                  2055.20	                  1000.00	                   278.36	                  1260.29	                    20.00	                   985.00	                    41.10	                  2014.09	                     0.00	                     1.52	                     0.29	                     0.00	                     1.81	                     3.79	                    10.69	                    14.48	                     1.45	                    14.06
                     0.22	                     0.12	                  1027.60	                     0.00	                  2055.20	                  1000.00	                   278.36	                  1259.67	                    20.00	                   984.38	                    41.10	                  2014.09	                     0.00	                     1.52	                     0.29	                     0.00	                     1.81	                     3.79	                    10.68	                    14.48	                     3.19	                    14.06
                     0.36	                     0.14	                  1027.60	                     0.00	                  2055.20	                  1000.00	                   278.36	                  1258.64	                    20.00	                   983.35	                    41.10	                  2014.09	                     0.00	                     1.52	                     0.29	                     0.00	                     1.81	                     3.79	                    10.67	                    14.47	                     5.27	                    14.05
                     0.54	                     0.17	                  1027.60	                     0.00	                  2055.20	                  1000.00	                   278.36	                  1257.77	                    20.00	                   982.48	                    41.10	                  2014.09	                     0.00	                     1.51	                     0.29	                     0.00	                     1.81	                     3.79	                    10.66	                    14.46	                     7.77	                    14.04
                     0.74	                     0.21	                  1027.60	                     0.00	                  2055.20	                  1000.00	                   278.36	                  1256.30	                    20.00	                   981.01	                    41.10	                  2014.09	                     0.00	                     1.51	                     0.29	                     0.00	                     1.80	                     3.79	                    10.65	                    14.44	                    10.76	                    14.03
                     0.99	                     0.25	                  1027.60	                     0.00	                  2055.20	                  1000.00	                   278.36	                  1255.09	                    20.00	                   979.81	                    41.10	                  2014.09	                     0.00	                     1.51	                     0.29	                     0.00	                     1.80	                     3.79	                    10.64	                    14.43	                    14.35	                    14.02
                     1.29	                     0.30	                  1027.60	                     0.00	                  2055.20	                  1000.00	                   278.36	                  1253.01	                    20.00	                   977.72	                    41.10	                  2014.09	                     0.00	                     1.51	                     0.29	                     0.00	                     1.80	                     3.79	                    10.62	                    14.41	                    18.66	                    14.00
                     1.65	                     0.36	                  1027.60	                     0.00	                  2055.20	                  1000.00	                   278.36	                  1251.36	                    20.00	                   976.07	                    41.10	                  2014.09	                     0.00	                     1.50	                     0.29	                     0.00	                     1.80	                     3.79	                    10.61	                    14.40	                    23.82	                    13.98
                     2.08	                     0.43	                  1027.60	                     0.00	                  2055.20	                  1000.00	                   278.36	                  1248.40	                    20.00	                   973.12	                    41.10	                  2014.09	                     0.00	                     1.50	                     0.29	                     0.00	                     1.79	                     3.79	                    10.58	                    14.37	                    30.00	                    13.96
                     2.60	                     0.52	                  1027.60	                     0.00	                  2055.20	                  1000.00	                   278.36	                  1246.19	                    20.00	                   970.90	                    41.10	                  2014.09	                     0.00	                     1.50	                     0.29	                     0.00	                     1.79	                     3.79	                    10.56	                    14.35	                    37.40	                    13.94
                     3.22	                     0.62	                  1027.60	                     0.00	                  2055.20	                  1000.00	                   278.36	                  1241.98	                    20.00	                   966.69	                    41.10	                  2014.09	                     0.00	                     1.49	                     0.29	                     0.00	                     1.78	                     3.79	                    10.52	                    14.31	                    46.27	                    13.90
                     3.96	                     0.74	                  1027.60	                     0.00	                  2055.20	                  1000.00	                   278.36	                  1239.09	                    20.00	                   963.80	                    41.10	                  2014.09	                     0.00	                     1.49	                     0.29	                     0.00	                     1.78	                     3.79	                    10.49	                    14.29	                    56.88	                    13.88
                     4.85	                     0.89	                  1027.60	                     0.00	                  2055.20	                  1000.00	                   278.36	                  1233.07	                    20.00	                   957.78	                    41.10	                  2014.09	                     0.00	                     1.48	                     0.29	                     0.00	                     1.77	                     3.79	                    10.44	                    14.23	                    69.57	                    13.82
                     5.92	                     1.07	                  1027.60	                     0.00	                  2055.20	                  1000.00	                   278.36	                  1229.42	                    20.00	                   954.13	                    41.10	                  2014.09	                     0.00	                     1.47	                     0.29	                     0.00	                     1.76	                     3.79	                    10.41	                    14.20	                    84.76	                    13.79
                     7.20	                     1.28	                  1027.60	                     0.00	                  2055.20	                  1000.00	                   278.36	                  1220.79	                    20.00	                   945.50	                    41.10	                  2014.09	                     0.00	                     1.46	                     0.29	                     0.00	                     1.75	                     3.79	                    10.33	                    14.12	                   102.89	                    13.71
                     8.74	                     1.54	                  1027.60	                     0.00	                  2055.20	                  1000.00	                   278.36	                  1216.38	                    20.00	                   941.09	                    41.10	                  2014.09	                     0.00	                     1.45	                     0.29	                     0.00	                     1.74	                     3.79	                    10.29	                    14.08	                   124.59	                    13.67
                     9.21	                     0.46	                  1027.60	                     0.00	                  2055.20	                  1000.00	                   278.36	                  1210.65	                    20.00	                   935.36	                    41.10	                  2014.09	                     0.00	                     1.44	                     0.29	                     0.00	                     1.73	                     3.79	                    10.23	                    14.03	                   131.07	                    13.62
                     9.76	                     0.55	                  1027.60	                     0.00	                  2055.20	                  1000.00	                   278.36	                  1209.23	                    20.00	                   933.94	                    41.10	                  2014.09	                     0.00	                     1.44	                     0.29	                     0.00	                     1.73	                     3.79	                    10.22	                    14.02	                   138.84	                    13.61
                    10.43	                     0.67	                  1027.60	                     0.00	                  2055.20	                  1000.00	                   278.36	                  1204.80	                    20.00	                   929.51	                    41.10	                  2014.09	                     0.00	                     1.43	                     0.29	                     0.00	                     1.72	                     3.79	                    10.18	                    13.97	                   148.15	                    13.57
                    11.23	                     0.80	                  1027.60	                     0.00	                  2055.20	                  1000.00	                   278.36	                  1202.91	                    20.00	                   927.62	                    41.10	                  2014.09	                     0.00	                     1.43	                     0.29	                     0.00	                     1.72	                     3.79	                    10.16	                    13.96	                   159.29	                    13.56
                    12.18	                     0.96	                  1027.60	                     0.00	                  2055.20	                  1000.00	                   278.36	                  1196.71	                    20.00	                   921.42	                    41.10	                  2014.09	                     0.00	                     1.42	                     0.29	                     0.00	                     1.71	                     3.79	                    10.11	                    13.90	                   172.62	                    13.50
                    13.33	                     1.15	                  1027.60	                     0.00	                  2055.20	                  1000.00	                   278.36	                  1194.28	                    20.00	                   918.99	                    41.10	                  2014.09	                     0.00	                     1.42	                     0.29	                     0.00	                     1.71	                     3.79	                    10.08	                    13.88	                   188.58	                    13.48
                    14.02	                     0.69	                  1027.60	                     0.00	                  2055.20	                  1000.00	                   278.36	                  1188.63	                    20.00	                   913.34	                    41.10	                  2014.09	                     0.00	                     1.41	                     0.29	                     0.00	                     1.70	                     3.79	                    10.03	                    13.83	                   198.12	                    13.43
                    14.85	                     0.83	                  1027.60	                     0.00	                  2055.20	                  1000.00	                   278.36	                  1187.04	                    20.00	                   911.76	                    41.10	                  2014.09	                     0.00	                     1.41	                     0.29	                     0.00	                     1.70	                     3.79	                    10.02	                    13.81	                   209.56	                    13.41
                    15.85	                     0.99	                  1027.60	                     0.00	                  2055.20	                  1000.00	                   278.36	                  1181.17	                    20.00	                   905.88	                    41.10	                  2014.09	                     0.00	                     1.40	                     0.29	                     0.00	                     1.69	                     3.79	                     9.97	                    13.76	                   223.23	                    13.36
                    17.04	                     1.19	                  1027.60	                     0.00	                  2055.20	                  1000.00	                   278.36	                  1179.10	                    20.00	                   903.81	                    41.10	                  2014.09	                     0.00	                     1.39	                     0.29	                     0.00	                     1.69	                     3.79	                     9.95	                    13.74	                   239.62	                    13.34
                    17.75	                     0.72	                  1027.60	                     0.00	                  2055.20	                  1000.00	                   278.36	                  1173.78	                    20.00	                   898.50	                    41.10	                  2014.09	                     0.00	                     1.39	                     0.29	                     0.00	                     1.68	                     3.79	                     9.90	                    13.69	                   249.41	                    13.30
                    18.61	                     0.86	                  1027.60	                     0.00	                  2055.20	                  1000.00	                   278.36	                  1172.43	                    20.00	                   897.14	                    41.10	                  2014.09	                     0.00	                     1.38	                     0.29	                     0.00	                     1.67	                     3.79	                     9.89	                    13.68	                   261.16	                    13.29
                    19.64	                     1.03	                  1027.60	                     0.00	                  2055.20	                  1000.00	                   278.36	                  1167.00	                    20.00	                   891.71	                    41.10	                  2014.09	                     0.00	                     1.37	                     0.29	                     0.00	                     1.67	                     3.79	                     9.84	                    13.63	                   275.20	                    13.24
                    20.88	                     1.24	                  1027.60	                     0.00	                  2055.20	                  1000.00	                   278.36	                  1165.22	                    20.00	                   889.93	                    41.10	                  2014.09	                     0.00	                     1.37	                     0.29	                     0.00	                     1.66	                     3.79	                     9.82	                    13.61	                   292.03	                    13.22
                    21.62	                     0.74	                  1027.60	                     0.00	                  2055.20	                  1000.00	                   278.36	                  1160.30	                    20.00	                   885.02	                    41.10	                  2014.09	                     0.00	                     1.36	                     0.29	                     0.00	                     1.66	                     3.79	                     9.77	                    13.57	                   302.10	                    13.18
                    22.51	                     0.89	                  1027.60	                     0.00	                  2055.20	                  1000.00	                   278.36	                  1159.13	                    20.00	                   883.84	                    41.10	                  2014.09	                     0.00	                     1.36	                     0.29	                     0.00	                     1.65	                     3.79	                     9.76	                    13.56	                   314.16	                    13.17
                    23.58	                     1.07	                  1027.60	                     0.00	                  2055.20	                  1000.00	                   278.36	                  1154.14	                    20.00	                   878.85	                    41.10	                  2014.09	                     0.00	                     1.35	                     0.29	                     0.00	                     1.65	                     3.79	                     9.72	                    13.51	                   328.60	                    13.12
                    24.86	                     1.28	                  1027.60	                     0.00	                  2055.20	                  1000.00	                   278.36	                  1152.59	                    20.00	                   877.30	                    41.10	                  2014.09	                     0.00	                     1.35	                     0.29	                     0.00	                     1.64	                     3.79	                     9.70	                    13.50	                   345.90	                    13.11
                    26.40	                     1.54	                  1027.60	                     0.00	                  2055.20	                  1000.00	                   278.36	                  1145.89	                    20.00	                   870.60	                    41.10	                  2014.09	                     0.00	                     1.34	                     0.29	                     0.00	                     1.63	                     3.79	                     9.64	                    13.44	                   366.57	                    13.05
                    28.24	                     1.85	                  1027.60	                     0.00	                  2055.20	                  1000.00	                   278.36	                  1143.92	                    20.00	                   868.63	                    41.10	                  2014.09	                     0.00	                     1.34	                     0.29	                     0.00	                     1.63	                     3.79	                     9.63	                    13.42	                   391.34	                    13.03
                    29.35	                     1.11	                  1027.60	                     0.00	                  2055.20	                  1000.00	                   278.36	                  1137.85	                    20.00	                   862.56	                    41.10	                  2014.09	                     0.00	                     1.33	                     0.29	                     0.00	                     1.62	                     3.79	                     9.57	                    13.36	                   406.14	                    12.98
                    30.68	                     1.33	                  1027.60	                     0.00	                  2055.20	                  1000.00	                   278.36	                  1136.58	                    20.00	                   861.29	                    41.10	                  2014.09	                     0.00	                     1.33	                     0.29	                     0.00	                     1.62	                     3.79	                     9.56	                    13.35	                   423.88	                    12.97
                    32.28	                     1.59	                  1027.60	                     0.00	                  2055.20	                  1000.00	                   278.36	                  1130.52	                    20.00	                   855.23	                    41.10	                  2014.09	                     0.00	                     1.32	                     0.29	                     0.00	                     1.61	                     3.79	                     9.50	                    13.30	                   445.09	                    12.91
                    34.19	                     1.91	                  1027.60	                     0.00	                  2055.20	                  1000.00	                   278.36	                  1128.88	                    20.00	                   853.59	                    41.10	                  2014.09	                     0.00	                     1.32	                     0.29	                     0.00	                     1.61	                     3.79	                     9.49	                    13.28	                   470.51	                    12.90
                    35.34	                     1.15	                  1027.60	                     0.00	                  2055.20	                  1000.00	                   278.36	                  1123.30	                    20.00	                   848.01	                    41.10	                  2014.09	                     0.00	                     1.31	                     0.29	                     0.00	                     1.60	                     3.79	                     9.44	                    13.23	                   485.70	                    12.85
                    36.72	                     1.38	                  1027.60	                     0.00	                  2055.20	                  1000.00	                   278.36	                  1122.23	                    20.00	                   846.94	                    41.10	                  2014.09	                     0.00	                     1.31	                     0.29	                     0.00	                     1.60	                     3.79	                     9.43	                    13.22	                   503.92	                    12.84
                    38.37	                     1.65	                  1027.60	                     0.00	                  2055.20	                  1000.00	                   278.36	                  1116.64	                    20.00	                   841.35	                    41.10	                  2014.09	                     0.00	                     1.30	                     0.29	                     0.00	                     1.59	                     3.79	                     9.38	                    13.17	                   525.70	                    12.79
                    40.35	                     1.98	                  1027.60	                     0.00	                  2055.20	                  1000.00	                   278.36	                  1115.25	                    20.00	                   839.96	                    41.10	                  2014.09	                     0.00	                     1.29	                     0.29	                     0.00	                     1.59	                     3.79	                     9.36	                    13.16	                   551.80	                    12.78
                    41.54	                     1.19	                  1027.60	                     0.00	                  2055.20	                  1000.00	                   278.36	                  1110.04	                    20.00	                   834.75	                    41.10	                  2014.09	                     0.00	                     1.29	                     0.29	                     0.00	                     1.58	                     3.79	                     9.32	                    13.11	                   567.41	                    12.73
                    42.97	                     1.43	                  1027.60	                     0.00	                  2055.20	                  1000.00	                   278.36	                  1109.13	                    20.00	                   833.84	                    41.10	                  2014.09	                     0.00	                     1.29	                     0.29	                     0.00	                     1.58	                     3.79	                     9.31	                    13.10	                   586.13	                    12.72
                    44.69	                     1.71	                  1027.60	                     0.00	                  2055.20	                  1000.00	                   278.36	                  1103.94	                    20.00	                   828.65	                    41.10	                  2014.09	                     0.00	                     1.28	                     0.29	                     0.00	                     1.57	                     3.79	                     9.26	                    13.05	                   608.51	                    12.68
                    46.74	                     2.06	                  1027.60	                     0.00	                  2055.20	                  1000.00	                   278.36	                  1102.74	                    20.00	                   827.46	                    41.10	                  2014.09	                     0.00	                     1.28	                     0.29	                     0.00	                     1.57	                     3.79	                     9.25	                    13.04	                   635.34	                    12.67
                    47.98	                     1.23	                  1027.60	                     0.00	                  2055.20	                  1000.00	                   278.36	                  1097.88	                    20.00	                   822.59	                    41.10	                  2014.09	                     0.00	                     1.27	                     0.29	                     0.00	                     1.56	                     3.79	                     9.21	                    13.00	                   651.39	                    12.62
                    49.46	                     1.48	                  1027.60	                     0.00	                  2055.20	                  1000.00	                   278.36	                  1097.09	                    20.00	                   821.80	                    41.10	                  2014.09	                     0.00	                     1.27	                     0.29	                     0.00	                     1.56	                     3.79	                     9.20	                    12.99	                   670.63	                    12.62
                    51.24	                     1.78	                  1027.60	                     0.00	                  2055.20	                  1000.00	                   278.36	                  1092.27	                    20.00	                   816.98	                    41.10	                  2014.09	                     0.00	                     1.26	                     0.29	                     0.00	                     1.55	                     3.79	                     9.15	                    12.95	                   693.64	                    12.57
                    53.37	                     2.13	                  1027.60	                     0.00	                  2055.20	                  1000.00	                   278.36	                  1091.23	                    20.00	                   815.94	                    41.10	                  2014.09	                     0.00	                     1.26	                     0.29	                     0.00	                     1.55	                     3.79	                     9.14	                    12.94	                   721.24	                    12.57
                    54.65	                     1.28	                  1027.60	                     0.00	                  2055.20	                  1000.00	                   278.36	                  1086.68	                    20.00	                   811.39	                    41.10	                  2014.09	                     0.00	                     1.25	                     0.29	                     0.00	                     1.54	                     3.79	                     9.10	                    12.90	                   737.74	                    12.53
                    56.19	                     1.54	                  1027.60	                     0.00	                  2055.20	                  1000.00	                   278.36	                  1085.99	                    20.00	                   810.70	                    41.10	                  2014.09	                     0.00	                     1.25	                     0.29	                     0.00	                     1.54	                     3.79	                     9.10	                    12.89	                   757.54	                    12.52
                    58.03	                     1.84	                  1027.60	                     0.00	                  2055.20	                  1000.00	                   278.36	                  1081.48	                    20.00	                   806.19	                    41.10	                  2014.09	                     0.00	                     1.24	                     0.29	                     0.00	                     1.53	                     3.79	                     9.06	                    12.85	                   781.22	                    12.48
                    60.24	                     2.21	                  1027.60	                     0.00	                  2055.20	                  1000.00	                   278.36	                  1080.57	                    20.00	                   805.28	                    41.10	                  2014.09	                     0.00	                     1.24	                     0.29	                     0.00	                     1.53	                     3.79	                     9.05	                    12.84	                   809.62	                    12.47
                    61.57	                     1.33	                  1027.60	                     0.00	                  2055.20	                  1000.00	                   278.36	                  1076.28	                    20.00	                   801.00	                    41.10	                  2014.09	                     0.00	                     1.23	                     0.29	                     0.00	                     1.53	                     3.79	                     9.01	                    12.80	                   826.60	                    12.43
                    63.16	                     1.59	                  1027.60	                     0.00	                  2055.20	                  1000.00	                   278.36	                  1075.67	                    20.00	                   800.39	                    41.10	                  2014.09	                     0.00	                     1.23	                     0.29	                     0.00	                     1.53	                     3.79	                     9.00	                    12.80	                   846.98	                    12.43
                    65.07	                     1.91	                  1027.60	                     0.00	                  2055.20	                  1000.00	                   278.36	                  1071.42	                    20.00	                   796.14	                    41.10	                  2014.09	                     0.00	                     1.23	                     0.29	                     0.00	                     1.52	                     3.79	                     8.96	                    12.76	                   871.35	                    12.39
                    67.36	                     2.29	                  1027.60	                     0.00	                  2055.20	                  1000.00	                   278.36	                  1070.61	                    20.00	                   795.33	                    41.10	                  2014.09	                     0.00	                     1.23	                     0.29	                     0.00	                     1.52	                     3.79	                     8.96	                    12.75	                   900.58	                    12.38
                    70.11	                     2.75	                  1027.60	                     0.00	                  2055.20	                  1000.00	                   278.36	                  1064.81	                    20.00	                   789.52	                    41.10	                  2014.09	                     0.00	                     1.22	                     0.29	                     0.00	                     1.51	                     3.79	                     8.90	                    12.70	                   935.52	                    12.33
                    73.42	                     3.30	                  1027.60	                     0.00	                  2055.20	                  1000.00	                   278.36	                  1063.77	                    20.00	                   788.48	                    41.10	                  2014.09	                     0.00	                     1.22	                     0.29	                     0.00	                     1.51	                     3.79	                     8.89	                    12.69	                   977.41	                    12.32
                    75.40	                     1.98	                  1027.60	                     0.00	                  2055.20	                  1000.00	                   278.36	                  1058.26	                    20.00	                   782.97	                    41.10	                  2014.09	                     0.00	                     1.21	                     0.29	                     0.00	                     1.50	                     3.79	                     8.84	                    12.64	                  1002.44	                    12.27
                    77.77	                     2.38	                  1027.60	                     0.00	                  2055.20	                  1000.00	                   278.36	                  1057.58	                    20.00	                   782.29	                    41.10	                  2014.09	                     0.00	                     1.21	                     0.29	                     0.00	                     1.50	                     3.79	                     8.84	                    12.63	                  1032.47	                    12.27
                    80.63	                     2.85	                  1027.60	                     0.00	                  2055.20	                  1000.00	                   278.36	                  1052.21	                    20.00	                   776.93	                    41.10	                  2014.09	                     0.00	                     1.20	                     0.29	                     0.00	                     1.49	                     3.79	                     8.79	                    12.58	                  1068.36	                    12.22
                    83.87	                     3.25	                  1027.60	                     0.00	                  2055.20	                  1000.00	                   278.36	                  1051.37	                    20.00	                   776.08	                    41.10	                  2014.09	                     0.00	                     1.20	                     0.29	                     0.00	                     1.49	                     3.79	                     8.78	                    12.57	                  1109.21	                    12.21
